Temperature,Humidity,Moisture,Soil_Type,Crop_Type,Nitrogen,Potassium,Phosphorous,Fertilizer_Name
27.74,70.32,59.93,Loamy,Barley,38.68,30.39,37.87,DAP
20.9,40.42,37.83,Loamy,Barley,30.84,34.3,38.03,DAP
18.32,52.8,55.71,Red,Paddy,20.46,11.45,12.37,DAP
18.84,50.09,55.86,Black,Millets,73.43,40.81,37.28,20-20
30.44,66.04,44.56,Loamy,Ground Nuts,58.69,20.16,52.27,20-20
27.92,98.75,25.05,Red,Millets,31.49,20.7,18.63,28-28
23.96,61.26,35.99,Clayey,Sugarcane,59.37,41.89,39.72,14-35-14
28.26,70.99,43.79,Red,Watermelon,29.28,25.82,19.7,20-20
29.59,64.22,46.58,Clayey,Millets,76.21,28.55,41.11,17-17-17
32.44,55.19,71.93,Black,Paddy,77.28,55.35,48.17,Urea
28.2,48.82,62.56,Black,Rice,64.18,64.42,59.77,Urea
23.41,51.08,36.9,Red,Tobacco,27.27,32.52,32.41,10-26-26
27.6,63.08,20.65,Red,Ground Nuts,31.07,25.01,17.45,DAP
28.95,45.05,59.75,Black,Oil seeds,68.07,49.59,60.36,17-17-17
22.08,41.78,27.1,Sandy,Sugarcane,27.84,5.29,17.57,10-26-26
22.53,66.72,51.31,Black,Millets,63.83,39.41,59.49,20-20
29.37,61.66,22.83,Loamy,Wheat,56.29,39.53,33.91,DAP
27.94,88.26,48.81,Loamy,Rice,46.45,40.33,28.35,Urea
33.67,44.07,27.03,Red,Maize,42.17,17.99,26.56,DAP
30.77,59.49,30.74,Black,Cotton,66.97,48.11,53.92,DAP
24.72,57.3,65.57,Black,Wheat,92.89,47.4,35.64,17-17-17
34.26,44.9,54.24,Black,Oil seeds,72.8,29.22,45.87,17-17-17
25.32,64.23,31.25,Clayey,Sugarcane,72.4,47.73,39.92,14-35-14
29.61,53.18,48.67,Sandy,Watermelon,32.29,12.36,8.44,17-17-17
30.78,47.83,40.71,Sandy,Sugarcane,21.52,15.97,18.7,10-26-26
28.06,87.83,14.63,Red,Tobacco,20.87,21.27,28.86,10-26-26
32.69,71.35,43.0,Black,Ground Nuts,58.33,59.09,54.66,17-17-17
27.5,40.52,31.8,Clayey,Tobacco,55.94,34.36,48.06,14-35-14
29.68,47.13,59.4,Sandy,Tobacco,29.93,13.76,2.88,10-26-26
24.52,65.4,16.06,Loamy,Maize,64.65,49.85,21.55,20-20
24.54,77.8,40.45,Sandy,Millets,17.62,17.54,18.64,Urea
30.94,67.31,23.01,Red,Ground Nuts,16.38,11.45,32.91,DAP
23.46,73.87,30.47,Red,Wheat,17.26,26.28,18.53,28-28
27.25,31.59,90.0,Red,Millets,31.72,30.64,20.37,28-28
24.0,46.76,53.25,Black,Rice,78.26,69.83,41.69,Urea
30.02,43.63,32.74,Sandy,Watermelon,27.73,9.56,15.49,17-17-17
26.68,73.69,49.77,Red,Pulses,34.73,11.64,27.3,10-26-26
24.87,43.4,43.42,Loamy,Wheat,53.88,28.55,32.8,DAP
26.83,100.0,32.58,Loamy,Ground Nuts,75.83,48.79,34.07,20-20
32.93,50.37,32.49,Clayey,Rice,81.93,61.9,51.46,Urea
21.48,46.51,61.56,Black,Barley,87.23,37.44,38.17,17-17-17
32.83,51.94,63.59,Sandy,Maize,31.08,22.27,21.58,DAP
35.29,72.64,39.56,Red,Oil seeds,30.72,19.89,19.83,DAP
26.49,62.99,53.35,Loamy,Millets,79.11,27.29,61.73,DAP
20.59,82.16,32.1,Black,Wheat,51.7,65.56,50.09,17-17-17
28.26,58.66,52.53,Clayey,Ground Nuts,64.73,62.5,56.59,14-35-14
34.25,52.88,25.76,Loamy,Maize,57.09,35.39,39.34,20-20
24.74,60.96,41.39,Loamy,Watermelon,65.69,26.25,46.9,14-35-14
28.03,73.85,51.94,Red,Maize,18.98,29.07,22.77,DAP
24.98,61.3,42.66,Black,Ground Nuts,76.92,53.71,47.97,17-17-17
28.34,66.13,61.5,Sandy,Oil seeds,29.25,12.66,21.31,20-20
39.45,32.26,40.81,Sandy,Maize,35.58,16.06,13.52,DAP
23.52,16.57,44.69,Black,Maize,83.76,60.02,40.99,17-17-17
32.13,42.61,27.26,Sandy,Tobacco,18.1,12.45,10.06,10-26-26
17.81,97.8,44.44,Black,Watermelon,72.84,58.86,38.76,DAP
17.61,52.62,59.33,Black,Watermelon,64.75,46.98,51.46,DAP
25.25,49.54,44.9,Red,Ground Nuts,12.53,18.25,20.47,DAP
29.98,75.39,62.67,Red,Cotton,40.25,22.45,19.35,28-28
25.08,90.97,46.15,Red,Sugarcane,27.62,15.21,12.6,20-20
29.33,42.69,60.4,Loamy,Cotton,80.38,43.06,16.97,14-35-14
23.01,59.15,75.56,Clayey,Oil seeds,59.37,28.15,43.5,14-35-14
28.35,88.17,51.7,Red,Ground Nuts,26.9,32.43,17.39,DAP
24.13,77.78,66.08,Loamy,Tobacco,37.95,28.73,35.0,20-20
29.88,62.87,58.36,Loamy,Oil seeds,34.4,40.34,36.18,10-26-26
26.56,55.65,51.33,Black,Tobacco,58.41,52.58,48.38,17-17-17
31.6,61.22,38.37,Loamy,Wheat,33.17,50.33,40.87,DAP
25.07,70.17,48.98,Sandy,Tobacco,35.77,16.33,25.0,10-26-26
30.31,49.86,36.35,Clayey,Watermelon,58.23,54.32,40.7,10-26-26
25.94,87.17,53.69,Sandy,Pulses,17.32,5.85,14.19,DAP
24.42,83.46,51.17,Clayey,Millets,58.8,45.58,45.16,17-17-17
27.4,70.3,40.96,Sandy,Wheat,13.11,19.17,11.81,Urea
23.5,75.22,26.45,Red,Ground Nuts,37.66,20.71,22.81,DAP
27.64,77.48,48.84,Loamy,Barley,67.83,49.8,33.04,DAP
31.75,54.91,29.0,Loamy,Ground Nuts,70.64,32.74,37.78,20-20
22.96,66.0,59.29,Red,Wheat,38.54,22.07,2.71,28-28
37.95,27.58,46.71,Black,Ground Nuts,62.46,66.97,48.0,17-17-17
27.56,54.46,28.15,Clayey,Barley,57.06,52.58,46.13,28-28
32.17,73.71,21.81,Black,Ground Nuts,69.97,39.08,44.11,17-17-17
28.0,67.97,59.46,Loamy,Cotton,65.35,33.85,48.54,14-35-14
20.7,49.69,18.31,Sandy,Rice,24.25,12.11,24.73,Urea
28.55,45.96,31.1,Loamy,Cotton,64.58,43.06,35.74,14-35-14
34.6,75.02,68.35,Sandy,Sugarcane,29.86,11.54,19.64,10-26-26
22.69,69.86,45.67,Loamy,Pulses,45.93,38.09,39.98,20-20
25.42,64.47,56.41,Clayey,Maize,57.34,39.53,49.83,28-28
29.82,64.67,16.66,Loamy,Maize,55.59,33.92,47.69,20-20
25.38,57.12,55.64,Clayey,Watermelon,63.7,48.36,33.02,10-26-26
28.28,54.63,69.34,Black,Pulses,50.03,44.33,60.49,17-17-17
32.07,54.97,55.72,Clayey,Sugarcane,72.07,36.83,49.44,14-35-14
32.11,65.47,46.84,Sandy,Wheat,20.24,10.26,21.16,Urea
25.23,73.35,49.3,Loamy,Wheat,40.59,38.85,31.62,DAP
28.42,55.27,45.99,Red,Rice,31.22,32.66,29.66,DAP
27.92,51.23,39.42,Clayey,Cotton,58.33,36.35,44.04,17-17-17
25.24,79.21,24.08,Clayey,Millets,57.73,41.98,46.22,17-17-17
24.25,82.29,41.69,Clayey,Barley,64.08,34.43,50.29,28-28
26.23,75.63,32.36,Sandy,Sugarcane,22.38,11.68,27.62,10-26-26
29.14,32.76,56.47,Black,Watermelon,65.0,28.04,36.64,DAP
31.17,77.19,41.11,Black,Ground Nuts,81.99,66.07,61.83,17-17-17
22.87,29.03,63.33,Red,Millets,24.1,13.53,22.65,28-28
22.09,35.45,59.13,Sandy,Ground Nuts,20.2,5.54,10.09,10-26-26
36.94,68.5,42.53,Black,Maize,66.57,58.54,60.65,17-17-17
31.93,42.76,60.47,Clayey,Rice,46.91,37.17,54.85,Urea
25.15,64.25,51.19,Clayey,Watermelon,62.8,45.19,57.66,10-26-26
29.46,60.67,47.38,Red,Cotton,37.8,19.65,10.2,28-28
32.65,63.48,64.71,Sandy,Sugarcane,13.97,12.27,24.32,10-26-26
31.85,92.9,59.34,Clayey,Maize,44.93,49.29,39.43,28-28
29.54,64.66,32.95,Loamy,Barley,74.1,48.3,39.25,DAP
22.71,32.15,40.06,Loamy,Rice,61.56,36.6,43.02,Urea
27.24,40.28,19.65,Clayey,Cotton,59.81,45.56,57.44,17-17-17
36.49,64.98,54.69,Red,Rice,42.66,25.11,25.68,DAP
25.75,63.85,56.15,Clayey,Oil seeds,50.59,54.43,35.96,14-35-14
25.53,55.07,62.33,Black,Paddy,64.17,39.25,59.33,Urea
31.86,87.44,59.9,Sandy,Pulses,33.05,25.55,13.27,DAP
26.72,38.52,50.1,Loamy,Rice,45.32,47.36,44.23,Urea
24.24,16.93,38.81,Sandy,Oil seeds,19.49,2.5,9.9,20-20
33.63,55.97,28.4,Clayey,Tobacco,57.69,63.49,51.96,14-35-14
26.32,68.2,63.74,Clayey,Oil seeds,55.91,52.69,29.71,14-35-14
24.39,64.62,44.54,Loamy,Paddy,53.31,39.99,53.4,Urea
32.95,57.79,15.39,Red,Wheat,18.96,23.61,10.65,28-28
20.48,55.89,49.53,Black,Rice,77.08,46.45,61.37,Urea
23.88,79.51,45.88,Loamy,Paddy,51.97,37.87,64.73,Urea
21.7,50.89,36.11,Loamy,Paddy,43.59,46.84,36.77,Urea
31.69,68.2,64.92,Clayey,Paddy,67.8,58.67,47.71,Urea
28.32,56.89,37.67,Black,Tobacco,67.8,48.97,37.23,17-17-17
28.0,59.03,43.9,Loamy,Maize,56.08,48.84,35.14,20-20
28.12,66.29,68.58,Sandy,Tobacco,24.41,19.72,15.1,10-26-26
35.8,29.57,48.12,Loamy,Rice,43.37,44.75,25.79,Urea
27.54,74.86,38.99,Sandy,Wheat,18.6,10.02,25.88,Urea
22.23,71.32,47.99,Red,Maize,46.99,25.45,16.79,DAP
24.64,46.05,19.24,Loamy,Millets,23.13,39.89,35.4,DAP
20.29,46.34,75.71,Loamy,Cotton,48.02,29.97,50.46,14-35-14
32.57,58.19,28.08,Sandy,Oil seeds,13.57,15.93,5.13,20-20
20.16,75.9,50.75,Black,Oil seeds,98.1,59.97,38.5,17-17-17
28.22,63.37,34.05,Clayey,Ground Nuts,83.8,44.65,46.14,14-35-14
29.1,48.84,26.54,Black,Millets,71.28,47.19,54.59,20-20
25.72,55.9,65.16,Red,Tobacco,25.2,20.9,20.24,10-26-26
28.87,90.22,48.56,Black,Maize,76.74,53.16,54.05,17-17-17
30.66,57.33,34.38,Sandy,Barley,30.17,8.92,17.06,Urea
30.29,28.69,36.23,Red,Barley,35.35,14.9,29.83,20-20
20.82,42.25,52.42,Clayey,Barley,53.33,51.57,28.08,28-28
29.47,65.6,41.06,Clayey,Paddy,73.83,46.82,38.2,Urea
29.22,48.52,46.63,Red,Rice,28.0,13.09,33.67,DAP
26.29,51.5,28.2,Loamy,Maize,53.33,35.58,52.05,20-20
21.68,92.31,37.85,Loamy,Ground Nuts,69.71,25.92,43.01,20-20
32.53,72.52,49.12,Black,Wheat,69.62,61.76,54.04,17-17-17
28.11,53.56,46.2,Red,Cotton,26.91,13.37,18.07,28-28
28.18,65.42,48.36,Clayey,Paddy,49.36,35.45,38.06,Urea
26.22,82.64,51.51,Loamy,Sugarcane,63.84,53.89,37.01,17-17-17
24.14,71.1,67.28,Clayey,Millets,41.72,41.57,61.17,17-17-17
23.41,61.39,21.53,Clayey,Wheat,67.25,43.41,49.48,14-35-14
24.24,48.31,23.68,Black,Oil seeds,76.71,35.03,46.59,17-17-17
27.35,45.46,40.95,Clayey,Barley,65.37,64.18,61.55,28-28
26.43,69.34,51.97,Sandy,Paddy,30.4,17.27,5.24,Urea
24.92,48.23,54.02,Red,Paddy,26.09,15.4,21.47,DAP
26.66,43.67,87.02,Loamy,Cotton,52.76,43.89,35.21,14-35-14
31.33,58.94,32.14,Clayey,Ground Nuts,49.34,42.51,50.49,14-35-14
29.51,78.48,46.54,Loamy,Paddy,60.94,40.71,31.29,Urea
29.57,55.26,49.72,Black,Cotton,66.25,47.51,42.04,DAP
26.96,48.02,62.07,Black,Millets,71.5,36.46,51.67,20-20
30.94,55.22,40.21,Red,Tobacco,28.8,15.24,20.91,10-26-26
36.76,22.37,33.47,Loamy,Paddy,62.36,25.79,51.38,Urea
31.69,83.5,90.0,Loamy,Maize,76.27,52.96,26.23,20-20
30.27,82.12,51.13,Loamy,Watermelon,70.25,37.02,36.73,14-35-14
21.89,44.66,76.2,Sandy,Cotton,6.95,4.81,24.49,14-35-14
28.16,77.99,38.95,Loamy,Wheat,26.46,50.08,36.64,DAP
27.45,48.11,59.41,Sandy,Pulses,12.87,20.66,10.45,DAP
20.01,73.77,60.16,Clayey,Paddy,73.29,51.29,31.6,Urea
30.13,61.8,56.69,Clayey,Oil seeds,57.39,35.64,47.5,14-35-14
28.41,69.89,40.87,Clayey,Millets,49.18,46.76,52.89,17-17-17
29.22,68.61,11.37,Loamy,Cotton,57.51,58.59,38.11,14-35-14
34.62,40.53,28.19,Black,Watermelon,60.06,30.87,53.31,DAP
30.26,58.0,61.29,Sandy,Cotton,15.29,12.7,15.06,14-35-14
25.13,49.4,64.08,Red,Millets,36.48,24.97,22.99,28-28
18.32,50.04,58.22,Red,Watermelon,34.7,13.49,35.58,20-20
21.8,54.15,32.17,Black,Maize,75.63,57.66,66.76,17-17-17
32.95,91.07,63.2,Red,Watermelon,46.99,11.24,20.83,20-20
24.18,59.41,30.01,Red,Maize,17.32,14.58,13.81,DAP
20.69,74.05,37.04,Loamy,Maize,52.02,51.56,34.43,20-20
31.84,75.06,33.0,Black,Ground Nuts,88.04,42.46,46.25,17-17-17
32.26,63.24,29.51,Black,Maize,68.19,37.6,55.33,17-17-17
23.89,83.28,52.43,Clayey,Wheat,53.56,36.03,33.0,14-35-14
26.47,82.55,40.16,Black,Rice,67.95,39.05,68.3,Urea
24.94,32.6,49.07,Black,Maize,75.54,44.7,40.45,17-17-17
34.78,65.27,35.76,Red,Maize,24.71,13.28,32.95,DAP
35.04,53.2,45.79,Loamy,Barley,53.71,31.86,29.76,DAP
20.38,57.83,19.29,Sandy,Tobacco,30.78,16.38,14.76,10-26-26
32.76,49.26,29.91,Clayey,Watermelon,53.64,17.47,49.45,10-26-26
34.27,51.44,37.64,Clayey,Maize,57.78,42.61,59.18,28-28
33.94,50.18,53.8,Clayey,Oil seeds,64.21,43.45,44.84,14-35-14
27.88,80.4,71.71,Clayey,Maize,53.05,40.3,44.49,28-28
33.91,90.49,41.16,Sandy,Millets,24.41,27.15,7.46,Urea
26.17,53.12,50.92,Red,Tobacco,24.61,21.88,17.23,10-26-26
22.66,64.39,38.23,Loamy,Millets,59.58,22.64,39.44,DAP
27.16,79.05,47.51,Black,Watermelon,74.73,50.81,27.17,DAP
26.81,53.01,21.81,Black,Maize,74.5,40.61,48.97,17-17-17
34.91,50.0,58.11,Sandy,Paddy,13.61,12.77,21.17,Urea
23.91,79.87,30.68,Loamy,Pulses,46.08,27.06,45.14,20-20
26.93,64.65,5.0,Black,Oil seeds,72.73,58.34,41.04,17-17-17
21.28,64.91,46.03,Red,Rice,22.3,10.62,19.21,DAP
29.51,78.02,48.71,Sandy,Rice,23.1,12.1,13.89,Urea
24.9,54.44,43.14,Black,Tobacco,59.55,50.77,46.67,17-17-17
24.8,48.96,59.87,Loamy,Millets,65.15,47.31,21.95,DAP
20.78,56.33,48.54,Clayey,Tobacco,57.44,38.33,39.39,14-35-14
36.52,51.27,42.11,Clayey,Maize,29.51,46.51,37.26,28-28
33.55,47.61,38.74,Loamy,Millets,59.38,46.48,28.89,DAP
28.82,70.1,54.88,Loamy,Watermelon,46.83,48.9,40.18,14-35-14
36.95,67.38,49.16,Clayey,Watermelon,43.95,69.71,51.83,10-26-26
27.48,43.66,38.14,Sandy,Cotton,29.09,18.03,15.79,14-35-14
35.15,74.97,48.16,Black,Watermelon,61.53,23.99,57.21,DAP
23.39,99.39,43.61,Sandy,Pulses,22.96,9.11,18.52,DAP
29.69,53.57,46.39,Loamy,Wheat,79.22,35.53,42.31,DAP
33.46,62.46,39.67,Black,Sugarcane,60.34,43.69,70.97,Urea
37.3,82.17,31.81,Sandy,Barley,6.05,11.18,21.42,Urea
25.47,79.55,37.25,Loamy,Rice,66.2,42.93,22.39,Urea
25.86,40.77,27.15,Loamy,Sugarcane,46.81,41.0,49.27,17-17-17
31.57,51.62,53.99,Clayey,Maize,61.95,66.85,42.92,28-28
28.42,22.19,45.25,Loamy,Maize,51.37,38.68,46.6,20-20
28.86,38.06,30.42,Red,Paddy,16.26,21.46,15.24,DAP
30.13,37.62,55.11,Black,Oil seeds,62.34,57.73,65.92,17-17-17
31.11,73.58,46.62,Sandy,Barley,25.72,12.05,19.96,Urea
26.45,55.2,65.4,Clayey,Tobacco,77.39,41.5,31.16,14-35-14
27.89,63.2,42.86,Black,Paddy,70.34,54.33,52.85,Urea
27.17,76.47,39.3,Red,Oil seeds,32.15,18.26,33.98,DAP
29.04,57.94,68.89,Clayey,Millets,54.89,50.63,40.37,17-17-17
25.9,55.84,46.58,Red,Barley,32.28,14.32,22.09,20-20
35.14,71.75,19.63,Loamy,Wheat,74.69,59.32,42.18,DAP
24.54,90.09,51.37,Sandy,Oil seeds,8.41,7.31,13.25,20-20
20.74,50.03,43.18,Red,Pulses,34.84,27.25,19.66,10-26-26
34.11,42.33,68.36,Red,Maize,15.17,9.89,19.14,DAP
32.98,66.91,39.1,Black,Sugarcane,56.99,58.36,49.95,Urea
24.25,72.46,29.74,Clayey,Wheat,71.07,66.41,51.41,14-35-14
27.65,83.08,34.0,Clayey,Paddy,51.28,58.6,56.29,Urea
21.77,57.18,51.45,Red,Paddy,19.86,20.24,11.2,DAP
32.23,77.03,24.01,Black,Barley,78.29,51.24,64.35,17-17-17
40.6,51.38,32.48,Red,Rice,42.22,26.13,32.97,DAP
24.87,61.44,36.1,Red,Tobacco,25.08,20.99,16.12,10-26-26
36.35,51.71,51.49,Sandy,Tobacco,23.9,13.36,17.37,10-26-26
25.45,55.34,29.72,Black,Millets,91.69,46.67,55.53,20-20
33.69,66.72,82.13,Clayey,Paddy,53.59,48.24,49.2,Urea
28.0,60.93,41.63,Sandy,Oil seeds,15.29,15.92,14.56,20-20
17.1,38.59,47.51,Clayey,Millets,39.21,65.47,54.0,17-17-17
25.48,60.92,73.46,Red,Barley,17.99,23.59,19.23,20-20
24.91,51.63,28.5,Loamy,Wheat,62.99,48.39,44.22,DAP
16.1,46.15,9.61,Clayey,Barley,61.2,34.29,42.95,28-28
31.0,52.78,13.59,Clayey,Maize,56.61,51.99,36.85,28-28
27.54,68.21,75.34,Loamy,Maize,47.47,42.76,55.53,20-20
24.79,77.31,30.11,Loamy,Cotton,48.65,40.93,46.91,14-35-14
23.66,52.31,31.53,Clayey,Rice,69.33,49.88,22.67,Urea
33.71,82.07,67.28,Red,Ground Nuts,11.1,27.42,26.52,DAP
23.14,63.85,33.57,Clayey,Oil seeds,58.11,46.06,30.59,14-35-14
39.1,71.29,36.01,Black,Paddy,69.37,35.23,55.59,Urea
32.29,73.94,64.67,Black,Wheat,54.83,47.41,57.22,17-17-17
34.04,75.32,19.09,Clayey,Rice,62.58,34.63,48.71,Urea
29.61,58.83,79.21,Loamy,Millets,49.39,31.69,41.17,DAP
24.29,62.15,43.43,Sandy,Pulses,22.49,17.48,10.43,DAP
34.14,77.62,62.81,Loamy,Sugarcane,70.51,67.07,35.75,17-17-17
28.09,65.52,9.67,Clayey,Oil seeds,55.46,54.31,68.59,14-35-14
28.22,53.94,46.94,Red,Paddy,35.77,9.86,0.87,DAP
38.71,43.86,30.65,Black,Pulses,52.17,53.83,33.46,17-17-17
14.36,58.27,27.85,Red,Ground Nuts,28.0,12.68,15.13,DAP
22.98,42.27,59.94,Loamy,Wheat,41.82,24.93,33.81,DAP
21.95,53.15,67.98,Red,Wheat,35.96,14.32,22.5,28-28
25.39,56.75,38.57,Red,Paddy,24.14,39.77,33.01,DAP
36.64,39.82,60.73,Red,Cotton,27.43,13.82,27.45,28-28
30.57,66.44,50.74,Loamy,Rice,41.29,55.82,60.15,Urea
28.93,63.54,44.73,Clayey,Cotton,70.93,20.66,50.75,17-17-17
18.64,42.2,18.7,Clayey,Rice,68.22,36.14,47.12,Urea
30.81,90.0,49.87,Sandy,Millets,3.83,11.13,17.3,Urea
34.62,59.7,64.36,Clayey,Maize,38.61,39.51,36.41,28-28
36.04,39.28,78.39,Clayey,Tobacco,68.17,58.42,45.65,14-35-14
26.72,59.83,45.28,Red,Sugarcane,37.78,21.85,26.84,20-20
28.44,24.13,43.88,Red,Tobacco,40.58,25.07,27.5,10-26-26
29.77,52.06,52.37,Loamy,Sugarcane,61.31,36.44,39.54,17-17-17
34.33,62.43,30.88,Clayey,Sugarcane,56.19,30.53,33.81,14-35-14
35.2,63.66,55.73,Loamy,Pulses,53.41,33.46,22.45,20-20
23.92,79.74,18.7,Black,Watermelon,49.96,37.58,67.65,DAP
20.86,66.79,48.45,Clayey,Cotton,52.25,25.86,57.13,17-17-17
27.37,59.92,35.66,Black,Barley,59.68,51.78,54.89,17-17-17
16.16,71.87,28.22,Red,Paddy,40.44,28.16,19.83,DAP
39.56,58.98,66.17,Clayey,Oil seeds,68.97,53.72,43.29,14-35-14
36.51,43.57,53.19,Black,Maize,58.04,62.08,37.68,17-17-17
33.29,65.77,28.29,Sandy,Cotton,14.33,19.67,9.85,14-35-14
23.11,78.14,50.97,Clayey,Cotton,61.32,34.32,36.46,17-17-17
24.28,37.8,47.98,Clayey,Cotton,43.45,50.26,44.13,17-17-17
29.47,67.27,40.47,Sandy,Maize,4.94,11.91,5.86,DAP
26.03,65.89,40.27,Loamy,Barley,50.26,51.78,43.87,DAP
20.28,30.27,22.51,Red,Sugarcane,9.23,37.17,18.12,20-20
25.04,52.57,59.24,Clayey,Cotton,54.09,43.21,48.94,17-17-17
28.24,60.19,34.69,Loamy,Watermelon,51.17,47.97,37.39,14-35-14
27.76,53.33,40.41,Sandy,Rice,26.93,1.95,19.3,Urea
36.4,39.94,50.98,Sandy,Wheat,5.52,7.71,10.15,Urea
30.95,64.97,18.56,Black,Millets,94.32,56.53,61.17,20-20
25.93,72.58,45.55,Clayey,Watermelon,67.66,35.78,55.66,10-26-26
28.2,16.74,46.26,Red,Oil seeds,36.67,36.98,18.45,DAP
32.07,52.31,42.19,Clayey,Cotton,60.31,38.26,41.4,17-17-17
33.11,54.6,46.8,Loamy,Paddy,51.68,31.54,47.41,Urea
20.15,55.26,52.11,Sandy,Rice,32.36,10.16,20.01,Urea
27.5,71.33,46.4,Red,Oil seeds,27.19,21.81,21.99,DAP
25.03,53.55,53.83,Clayey,Barley,67.7,45.97,46.54,28-28
31.23,87.88,17.44,Clayey,Barley,53.17,46.76,56.19,28-28
27.25,65.43,42.21,Sandy,Pulses,23.34,13.65,12.94,DAP
34.88,87.86,18.39,Black,Maize,47.93,62.51,52.86,17-17-17
26.9,63.7,28.12,Loamy,Sugarcane,58.03,17.97,20.3,17-17-17
30.96,45.5,55.58,Loamy,Paddy,49.53,55.37,30.78,Urea
22.55,45.22,30.45,Red,Cotton,0.0,21.95,24.57,28-28
26.25,59.77,28.49,Sandy,Rice,27.27,9.1,16.4,Urea
33.54,78.62,13.07,Black,Tobacco,76.88,57.89,58.76,17-17-17
20.46,59.96,42.16,Loamy,Wheat,59.21,55.03,50.92,DAP
33.03,74.89,62.95,Red,Tobacco,33.8,17.37,10.14,10-26-26
24.73,61.39,30.62,Red,Ground Nuts,38.67,27.39,28.14,DAP
27.9,53.99,36.0,Clayey,Watermelon,59.69,33.38,44.34,10-26-26
20.37,86.69,40.46,Red,Wheat,38.47,10.19,17.52,28-28
31.22,75.77,43.73,Red,Cotton,25.64,7.01,11.33,28-28
21.45,66.28,24.2,Loamy,Ground Nuts,58.7,31.28,36.61,20-20
33.95,63.19,60.4,Red,Cotton,35.06,37.32,14.17,28-28
26.24,42.94,60.84,Sandy,Paddy,13.59,10.03,14.74,Urea
34.48,44.83,61.31,Black,Wheat,71.72,54.37,63.46,17-17-17
33.83,51.86,58.16,Black,Wheat,68.64,50.89,37.75,17-17-17
28.99,62.87,49.96,Sandy,Sugarcane,23.67,10.05,19.76,10-26-26
34.41,75.18,32.89,Loamy,Pulses,42.88,24.94,34.08,20-20
29.59,58.03,47.94,Black,Barley,51.8,49.26,52.26,17-17-17
31.16,67.79,35.79,Black,Sugarcane,67.12,34.14,41.28,Urea
27.32,72.11,20.5,Clayey,Maize,43.48,47.23,50.14,28-28
23.14,58.3,36.67,Loamy,Wheat,61.85,52.67,32.77,DAP
25.15,88.76,44.19,Red,Watermelon,19.9,29.97,21.48,20-20
23.91,61.29,44.94,Loamy,Rice,59.99,42.59,36.33,Urea
25.38,64.11,22.17,Clayey,Wheat,77.18,42.5,34.12,14-35-14
29.62,58.8,34.45,Clayey,Paddy,59.17,50.49,66.0,Urea
37.74,62.69,30.27,Black,Ground Nuts,71.15,64.22,38.04,17-17-17
26.55,47.15,36.4,Sandy,Paddy,28.34,8.12,19.52,Urea
24.51,61.38,26.76,Red,Pulses,57.58,18.19,25.45,10-26-26
27.52,48.36,69.98,Loamy,Watermelon,54.17,35.74,44.46,14-35-14
35.81,57.88,48.56,Red,Paddy,30.62,31.54,19.51,DAP
19.4,46.73,68.51,Black,Pulses,76.35,46.05,54.5,17-17-17
27.01,84.45,34.64,Red,Watermelon,36.54,27.13,28.56,20-20
38.12,63.48,45.05,Loamy,Rice,70.06,29.57,21.69,Urea
33.07,78.33,27.87,Red,Sugarcane,45.64,10.66,26.42,20-20
31.41,69.52,49.24,Sandy,Sugarcane,26.05,12.33,17.58,10-26-26
32.89,63.81,37.81,Red,Cotton,35.22,39.65,21.65,28-28
27.55,47.41,46.26,Black,Pulses,72.15,49.51,80.61,17-17-17
35.62,40.55,58.59,Clayey,Pulses,65.4,46.94,44.26,14-35-14
20.18,80.05,62.74,Black,Paddy,52.13,42.81,50.94,Urea
31.0,59.08,47.77,Black,Rice,85.88,52.06,57.35,Urea
30.8,73.33,69.11,Loamy,Tobacco,64.56,24.52,32.25,20-20
21.8,64.37,75.06,Red,Wheat,32.05,23.43,25.91,28-28
11.39,69.36,28.88,Black,Sugarcane,57.86,66.19,35.07,Urea
20.93,65.0,77.62,Clayey,Paddy,67.76,50.57,59.23,Urea
23.37,40.4,65.49,Black,Sugarcane,68.28,43.16,39.56,Urea
19.79,52.21,50.89,Red,Millets,20.5,7.45,11.32,28-28
36.34,58.12,40.29,Red,Pulses,19.59,28.84,19.57,10-26-26
32.41,45.4,44.92,Red,Pulses,29.39,20.67,14.11,10-26-26
27.03,80.48,56.09,Sandy,Tobacco,13.93,10.35,12.9,10-26-26
23.37,19.92,37.83,Clayey,Tobacco,69.18,39.18,31.32,14-35-14
33.21,100.0,64.52,Black,Cotton,68.5,36.8,50.2,DAP
35.06,37.16,36.01,Red,Rice,36.82,15.13,26.37,DAP
30.6,68.64,64.53,Loamy,Wheat,49.03,39.8,42.62,DAP
41.44,49.2,52.88,Red,Sugarcane,26.93,9.06,26.13,20-20
30.15,52.28,48.22,Clayey,Cotton,57.85,37.51,52.87,17-17-17
28.24,78.6,64.43,Clayey,Tobacco,48.74,45.99,39.64,14-35-14
20.87,65.07,74.62,Sandy,Oil seeds,16.47,18.19,14.5,20-20
29.94,69.7,20.34,Sandy,Watermelon,25.53,13.35,20.06,17-17-17
36.57,63.15,39.29,Sandy,Tobacco,23.42,11.54,12.41,10-26-26
18.06,75.05,90.0,Clayey,Millets,50.28,39.7,41.19,17-17-17
23.8,44.58,30.19,Loamy,Oil seeds,55.26,45.18,59.13,10-26-26
34.9,60.5,38.68,Sandy,Oil seeds,21.94,8.99,15.23,20-20
33.64,61.71,33.1,Loamy,Tobacco,56.27,39.42,33.62,20-20
26.31,40.31,62.73,Clayey,Ground Nuts,60.92,32.71,41.26,14-35-14
25.37,41.54,40.12,Loamy,Paddy,67.43,45.35,42.33,Urea
24.62,35.53,63.44,Loamy,Watermelon,41.1,43.14,22.75,14-35-14
26.8,46.3,50.49,Clayey,Ground Nuts,65.76,55.47,48.92,14-35-14
26.45,70.74,49.93,Loamy,Oil seeds,70.23,42.67,50.05,10-26-26
28.54,49.87,30.65,Red,Watermelon,39.87,5.83,24.39,20-20
31.04,65.87,18.67,Loamy,Millets,37.58,43.23,37.02,DAP
33.11,80.0,60.55,Loamy,Maize,56.23,34.7,53.06,20-20
27.24,67.85,43.08,Sandy,Cotton,23.84,6.33,14.58,14-35-14
29.16,77.18,40.15,Red,Watermelon,30.56,19.07,32.37,20-20
38.15,74.53,30.32,Black,Millets,65.82,31.34,58.55,20-20
33.91,55.83,39.94,Loamy,Barley,58.57,35.57,29.16,DAP
33.97,60.46,73.04,Red,Watermelon,33.51,11.44,4.0,20-20
30.87,63.02,64.3,Red,Tobacco,32.61,25.09,28.62,10-26-26
39.75,58.92,65.61,Sandy,Cotton,12.95,13.04,10.43,14-35-14
29.96,30.86,38.5,Sandy,Wheat,17.96,14.35,21.76,Urea
31.53,70.14,54.02,Sandy,Pulses,29.72,9.17,8.68,DAP
26.75,61.4,53.3,Red,Rice,18.02,22.94,14.49,DAP
23.85,59.16,29.39,Black,Oil seeds,57.38,65.68,43.4,17-17-17
22.75,46.35,56.39,Black,Millets,57.24,39.44,60.22,20-20
18.56,47.1,16.77,Sandy,Watermelon,23.49,21.87,20.74,17-17-17
27.78,68.66,24.28,Black,Barley,77.0,46.52,56.54,17-17-17
29.31,60.08,41.48,Sandy,Wheat,16.86,13.48,6.22,Urea
34.77,49.02,38.62,Sandy,Paddy,20.35,11.23,18.32,Urea
25.17,83.34,34.55,Clayey,Oil seeds,59.13,45.05,41.94,14-35-14
25.71,70.29,46.65,Clayey,Ground Nuts,72.92,30.64,46.14,14-35-14
31.01,46.72,48.77,Sandy,Barley,32.67,16.53,4.46,Urea
35.69,39.25,42.31,Black,Maize,49.45,63.29,50.95,17-17-17
20.35,43.12,46.14,Loamy,Barley,39.44,33.72,32.3,DAP
27.86,52.61,29.05,Red,Rice,40.28,22.02,19.65,DAP
23.47,30.48,28.3,Sandy,Rice,16.5,6.42,4.51,Urea
27.98,64.42,13.49,Clayey,Rice,50.75,40.22,54.34,Urea
32.78,45.21,52.56,Red,Oil seeds,24.86,19.5,11.53,DAP
31.17,78.58,36.41,Black,Oil seeds,71.89,23.33,50.35,17-17-17
21.41,71.71,45.58,Black,Oil seeds,60.45,65.61,40.53,17-17-17
24.49,61.86,53.68,Black,Rice,57.6,57.73,42.09,Urea
37.7,75.02,43.65,Clayey,Sugarcane,52.9,31.15,61.69,14-35-14
33.33,80.34,31.8,Sandy,Barley,36.09,8.67,22.58,Urea
23.89,73.92,45.03,Red,Maize,27.9,36.09,17.05,DAP
30.04,46.54,56.86,Loamy,Paddy,69.58,53.67,44.34,Urea
28.17,46.83,66.2,Red,Maize,45.99,31.28,14.07,DAP
30.73,54.9,60.78,Black,Rice,80.05,58.3,45.61,Urea
27.51,85.81,51.48,Red,Barley,24.5,1.94,19.58,20-20
32.83,47.23,32.09,Clayey,Barley,69.14,41.19,32.33,28-28
28.81,65.28,20.63,Clayey,Barley,56.15,52.82,41.24,28-28
22.47,52.42,41.61,Black,Paddy,79.27,48.28,46.62,Urea
28.23,86.73,53.85,Loamy,Pulses,57.17,37.97,66.44,20-20
31.81,87.85,56.4,Red,Pulses,48.97,24.46,29.33,10-26-26
31.0,64.42,58.51,Clayey,Pulses,42.85,32.87,41.35,14-35-14
24.07,62.97,59.4,Black,Pulses,81.61,56.36,69.28,17-17-17
29.28,60.47,46.16,Black,Wheat,73.16,61.24,49.56,17-17-17
22.61,65.38,29.4,Clayey,Wheat,69.18,38.43,41.9,14-35-14
23.6,67.81,31.63,Loamy,Oil seeds,48.08,42.16,27.41,10-26-26
32.95,58.34,46.05,Sandy,Paddy,21.58,11.63,14.65,Urea
33.82,77.26,23.28,Sandy,Ground Nuts,24.09,11.67,16.37,10-26-26
25.59,62.29,33.22,Sandy,Oil seeds,11.62,16.54,17.09,20-20
21.75,64.39,19.53,Clayey,Cotton,61.83,31.4,25.1,17-17-17
31.89,57.44,8.91,Red,Ground Nuts,20.2,0.0,16.83,DAP
32.94,50.72,51.29,Red,Ground Nuts,29.32,19.43,20.36,DAP
37.44,68.35,24.97,Loamy,Paddy,32.11,35.86,31.4,Urea
24.14,70.89,39.28,Loamy,Watermelon,56.89,30.83,36.58,14-35-14
29.92,56.09,45.92,Clayey,Rice,54.72,29.85,42.22,Urea
30.91,63.91,36.92,Clayey,Pulses,65.52,38.03,51.26,14-35-14
32.48,71.02,17.88,Clayey,Millets,84.76,25.07,33.78,17-17-17
31.15,43.99,62.66,Loamy,Oil seeds,41.35,50.2,37.21,10-26-26
21.58,36.28,45.64,Sandy,Pulses,27.25,8.83,16.05,DAP
41.6,56.98,19.68,Black,Paddy,75.4,41.72,56.49,Urea
34.22,39.11,35.37,Clayey,Tobacco,53.02,39.51,34.47,14-35-14
28.77,66.77,27.95,Red,Watermelon,21.97,16.39,35.54,20-20
26.0,41.27,37.6,Red,Maize,19.17,14.03,24.44,DAP
29.83,41.95,64.9,Sandy,Maize,18.66,12.21,6.22,DAP
26.81,63.22,23.89,Sandy,Pulses,23.61,8.49,19.25,DAP
18.69,100.0,66.86,Black,Tobacco,66.84,40.03,44.19,17-17-17
16.75,69.13,36.64,Sandy,Cotton,23.45,24.86,19.44,14-35-14
26.0,50.9,83.02,Red,Tobacco,37.07,24.58,26.05,10-26-26
25.36,75.54,23.66,Sandy,Paddy,29.46,10.99,17.89,Urea
34.79,51.11,55.39,Loamy,Rice,65.77,28.81,29.89,Urea
36.5,32.14,23.8,Clayey,Barley,65.9,45.68,70.4,28-28
30.0,46.22,34.83,Sandy,Wheat,31.77,6.77,25.42,Urea
35.94,61.52,48.54,Loamy,Oil seeds,52.09,46.51,46.31,10-26-26
21.7,30.75,23.15,Loamy,Pulses,62.38,34.68,37.76,20-20
31.95,50.27,49.1,Sandy,Millets,1.32,8.23,12.0,Urea
28.1,79.57,63.74,Clayey,Wheat,57.83,43.59,36.11,14-35-14
42.29,40.44,59.97,Sandy,Rice,18.17,13.24,10.69,Urea
28.21,81.31,60.19,Clayey,Pulses,70.77,81.03,59.17,14-35-14
27.24,46.27,20.2,Loamy,Ground Nuts,52.9,29.49,47.88,20-20
24.02,45.43,20.68,Black,Paddy,81.26,42.74,42.94,Urea
30.95,42.44,57.16,Clayey,Paddy,74.69,34.56,36.28,Urea
30.45,73.57,28.19,Sandy,Barley,29.47,14.89,21.22,Urea
30.03,65.52,34.28,Clayey,Ground Nuts,53.29,62.44,45.4,14-35-14
27.82,69.81,56.56,Black,Barley,57.93,51.76,45.45,17-17-17
30.36,80.69,43.75,Black,Millets,101.6,51.87,55.32,20-20
36.77,66.85,66.85,Black,Pulses,82.04,55.08,70.33,17-17-17
32.76,81.87,46.94,Sandy,Tobacco,27.75,17.82,15.61,10-26-26
28.54,59.5,41.88,Black,Millets,62.65,38.56,53.62,20-20
30.58,50.38,51.48,Black,Paddy,81.44,57.25,55.13,Urea
20.1,59.08,36.72,Sandy,Rice,29.42,9.4,13.72,Urea
14.74,58.48,34.34,Loamy,Paddy,67.26,28.07,33.65,Urea
28.31,61.33,70.83,Sandy,Ground Nuts,14.88,6.04,16.01,10-26-26
16.92,37.41,54.78,Loamy,Ground Nuts,44.85,26.59,34.58,20-20
23.18,59.46,70.02,Sandy,Watermelon,13.42,15.59,11.34,17-17-17
34.61,44.95,39.31,Clayey,Rice,52.81,36.34,39.18,Urea
26.63,80.24,68.07,Loamy,Wheat,46.41,37.61,40.85,DAP
30.77,73.4,62.54,Red,Cotton,22.84,21.19,19.17,28-28
24.38,52.24,53.4,Clayey,Pulses,72.1,45.36,26.9,14-35-14
20.67,82.05,39.48,Loamy,Millets,59.19,37.03,24.54,DAP
38.81,47.29,59.42,Red,Oil seeds,32.05,19.25,16.93,DAP
29.28,72.39,44.62,Sandy,Watermelon,31.54,5.39,14.57,17-17-17
34.9,59.36,62.08,Loamy,Tobacco,57.69,50.97,31.54,20-20
22.42,82.78,39.05,Sandy,Pulses,40.76,19.36,17.42,DAP
37.32,40.41,40.93,Black,Rice,92.48,46.29,55.88,Urea
22.32,62.75,32.43,Sandy,Paddy,22.86,12.12,10.28,Urea
21.72,53.1,41.4,Sandy,Pulses,13.82,3.7,26.85,DAP
25.0,54.32,52.3,Sandy,Ground Nuts,17.23,11.16,17.23,10-26-26
29.07,65.59,21.55,Clayey,Millets,65.34,53.38,46.13,17-17-17
24.37,72.01,31.37,Sandy,Maize,16.14,15.78,18.04,DAP
27.46,51.03,43.85,Red,Barley,27.78,11.65,21.44,20-20
38.53,66.16,53.2,Sandy,Rice,30.35,3.0,21.21,Urea
26.0,56.5,69.85,Sandy,Barley,28.39,10.64,15.97,Urea
25.18,46.42,27.02,Clayey,Barley,65.91,36.63,38.79,28-28
27.72,54.31,52.01,Clayey,Paddy,51.63,46.74,39.0,Urea
26.64,30.68,40.34,Black,Rice,94.61,49.01,43.06,Urea
25.49,67.36,67.54,Sandy,Sugarcane,22.71,11.62,18.66,10-26-26
20.94,95.41,58.16,Loamy,Tobacco,53.42,51.89,34.09,20-20
25.43,64.52,23.12,Clayey,Paddy,49.04,38.34,54.15,Urea
23.74,58.97,21.34,Loamy,Maize,68.71,50.59,46.51,20-20
33.03,42.82,24.55,Clayey,Cotton,70.49,38.32,40.33,17-17-17
12.02,44.38,62.06,Sandy,Oil seeds,20.35,13.4,18.61,20-20
23.89,64.95,39.41,Sandy,Ground Nuts,13.5,11.97,8.03,10-26-26
18.05,74.04,61.42,Clayey,Tobacco,53.57,42.07,49.71,14-35-14
30.98,68.32,41.98,Black,Wheat,73.61,59.15,45.33,17-17-17
24.31,60.83,39.83,Sandy,Watermelon,25.92,7.8,6.48,17-17-17
18.45,71.57,34.9,Sandy,Pulses,30.03,9.45,25.24,DAP
40.1,79.8,55.91,Loamy,Barley,54.02,56.31,45.43,DAP
28.34,71.09,33.76,Loamy,Oil seeds,34.04,31.39,48.92,10-26-26
25.1,56.72,40.34,Red,Millets,28.48,25.69,22.0,28-28
37.8,74.25,47.89,Black,Millets,74.39,49.85,39.74,20-20
25.62,50.55,24.79,Loamy,Pulses,32.53,69.94,54.7,20-20
33.08,58.62,26.3,Clayey,Watermelon,54.38,40.07,51.91,10-26-26
28.65,60.34,45.49,Black,Millets,84.14,65.91,30.77,20-20
17.6,70.16,28.81,Black,Maize,83.36,56.1,39.07,17-17-17
28.54,74.22,61.73,Black,Sugarcane,56.22,56.45,58.05,Urea
32.65,58.09,38.34,Red,Barley,38.74,3.91,25.88,20-20
31.61,59.51,8.07,Loamy,Watermelon,41.11,60.22,41.26,14-35-14
23.49,55.71,47.5,Red,Wheat,39.97,6.29,15.62,28-28
32.89,35.64,72.68,Black,Tobacco,82.73,53.48,46.17,17-17-17
23.41,53.01,90.0,Black,Rice,72.21,62.18,59.85,Urea
25.28,79.53,30.77,Red,Pulses,37.51,28.1,16.38,10-26-26
31.44,15.71,29.94,Clayey,Millets,74.17,38.82,57.59,17-17-17
34.33,56.47,29.69,Sandy,Sugarcane,21.55,0.0,13.02,10-26-26
23.0,57.89,33.37,Clayey,Paddy,55.49,50.58,55.99,Urea
24.48,72.1,26.66,Black,Sugarcane,61.99,53.9,38.77,Urea
25.33,50.21,25.57,Sandy,Rice,21.36,10.15,15.94,Urea
30.88,54.39,59.16,Red,Barley,38.54,32.09,9.08,20-20
21.97,38.4,45.55,Black,Wheat,93.51,40.57,56.79,17-17-17
26.68,82.15,6.7,Red,Cotton,9.43,25.31,40.17,28-28
29.02,44.16,33.27,Red,Pulses,22.08,21.04,27.25,10-26-26
32.88,52.81,42.22,Loamy,Cotton,44.93,43.31,36.91,14-35-14
29.57,70.96,65.13,Red,Maize,27.9,22.32,20.62,DAP
31.89,47.81,40.31,Black,Cotton,89.62,48.24,57.16,DAP
36.21,68.88,62.43,Red,Barley,26.21,17.08,7.64,20-20
22.8,50.89,42.94,Red,Millets,27.57,16.36,4.88,28-28
33.12,69.71,44.94,Loamy,Cotton,57.48,45.73,34.46,14-35-14
34.69,58.56,59.13,Loamy,Wheat,62.9,50.57,66.92,DAP
21.37,41.43,38.0,Loamy,Watermelon,24.29,43.87,32.07,14-35-14
18.71,83.94,39.65,Black,Maize,78.85,43.63,39.08,17-17-17
31.88,59.29,52.78,Red,Wheat,10.08,15.67,23.41,28-28
38.28,58.68,42.43,Clayey,Barley,65.19,54.77,32.16,28-28
31.95,69.49,11.19,Clayey,Barley,67.64,36.37,33.89,28-28
29.34,61.57,54.84,Loamy,Pulses,56.73,51.7,51.13,20-20
28.92,56.26,46.69,Red,Maize,27.38,13.69,19.05,DAP
24.12,42.03,50.56,Clayey,Barley,66.7,58.4,52.12,28-28
30.6,63.32,36.29,Black,Tobacco,62.73,59.75,47.94,17-17-17
26.62,75.37,58.63,Sandy,Maize,12.71,8.88,16.56,DAP
35.26,49.37,48.84,Red,Maize,25.58,25.48,18.12,DAP
31.62,43.57,63.01,Red,Watermelon,26.25,20.63,17.38,20-20
27.03,53.83,50.6,Black,Barley,55.34,35.98,37.24,17-17-17
32.15,47.16,30.68,Red,Millets,41.65,19.78,21.92,28-28
19.68,59.91,51.05,Sandy,Maize,19.88,10.59,19.78,DAP
35.91,63.43,36.31,Clayey,Watermelon,45.93,54.8,38.85,10-26-26
25.3,71.76,36.51,Loamy,Rice,53.06,28.74,36.83,Urea
27.17,69.57,33.78,Loamy,Sugarcane,47.09,41.37,26.88,17-17-17
29.54,57.65,59.28,Clayey,Paddy,55.83,37.88,58.34,Urea
21.41,51.63,44.28,Loamy,Watermelon,58.82,46.11,50.96,14-35-14
31.7,60.01,44.07,Clayey,Wheat,60.18,54.61,30.5,14-35-14
30.8,52.55,51.18,Red,Ground Nuts,46.35,28.25,19.04,DAP
21.83,44.52,38.4,Red,Paddy,28.14,38.22,7.2,DAP
24.39,76.04,45.0,Clayey,Sugarcane,53.27,47.69,50.73,14-35-14
33.7,81.63,46.18,Red,Paddy,23.94,16.47,26.56,DAP
33.52,58.88,12.66,Sandy,Rice,12.57,19.2,12.42,Urea
28.4,54.2,59.33,Sandy,Sugarcane,16.09,15.61,20.16,10-26-26
21.61,50.49,53.59,Loamy,Watermelon,30.05,48.92,42.0,14-35-14
29.07,75.22,45.66,Clayey,Tobacco,58.81,29.43,38.69,14-35-14
29.84,90.45,34.92,Sandy,Watermelon,28.25,11.64,18.43,17-17-17
25.77,71.59,44.61,Loamy,Paddy,63.08,33.12,39.64,Urea
23.1,77.2,8.08,Black,Sugarcane,76.9,51.02,39.63,Urea
32.65,70.83,31.88,Sandy,Millets,26.08,13.99,16.02,Urea
34.78,59.48,31.39,Clayey,Barley,48.02,41.11,40.73,28-28
20.0,47.72,48.31,Black,Rice,62.7,59.37,48.14,Urea
30.27,51.71,45.97,Clayey,Rice,43.82,52.79,61.94,Urea
20.76,53.3,29.62,Loamy,Tobacco,67.04,48.24,41.87,20-20
28.51,60.09,36.36,Red,Rice,31.58,20.16,22.51,DAP
25.76,74.57,76.08,Black,Watermelon,64.83,41.67,39.29,DAP
29.95,83.57,37.99,Sandy,Tobacco,10.97,9.5,10.83,10-26-26
22.01,76.26,48.15,Black,Rice,67.68,52.23,55.4,Urea
34.77,57.75,5.0,Sandy,Maize,28.6,13.28,16.93,DAP
36.47,55.95,40.66,Black,Watermelon,73.27,58.81,31.4,DAP
20.35,66.55,43.39,Black,Oil seeds,82.79,52.85,38.31,17-17-17
24.86,69.22,43.08,Loamy,Wheat,86.42,36.91,40.07,DAP
29.08,75.8,34.15,Clayey,Sugarcane,65.38,65.18,44.58,14-35-14
30.33,74.81,43.86,Black,Millets,60.27,47.66,37.42,20-20
28.66,68.82,46.53,Clayey,Maize,52.02,59.59,46.01,28-28
31.46,66.58,21.98,Black,Cotton,54.77,69.26,52.93,DAP
16.51,64.25,26.86,Red,Millets,28.15,17.26,16.32,28-28
27.0,74.97,52.86,Loamy,Wheat,43.7,32.27,31.92,DAP
28.08,57.23,53.61,Loamy,Paddy,76.11,46.89,61.03,Urea
29.63,93.24,47.57,Red,Paddy,14.6,30.07,19.56,DAP
30.3,64.25,42.32,Sandy,Ground Nuts,24.18,7.32,17.58,10-26-26
28.86,62.38,43.69,Red,Maize,30.97,34.16,13.22,DAP
22.97,56.64,36.09,Black,Ground Nuts,66.19,54.7,43.25,17-17-17
26.95,43.48,64.5,Red,Wheat,17.68,19.96,11.14,28-28
19.47,63.18,50.04,Clayey,Sugarcane,68.86,35.71,47.94,14-35-14
32.53,54.36,48.92,Red,Wheat,25.08,16.81,37.42,28-28
34.0,65.79,59.88,Loamy,Tobacco,53.12,35.75,48.89,20-20
20.44,65.19,59.34,Clayey,Rice,62.17,45.99,51.5,Urea
24.02,73.06,51.86,Loamy,Millets,77.36,23.58,52.57,DAP
22.29,85.89,50.39,Loamy,Tobacco,63.53,47.5,33.38,20-20
27.59,80.82,72.81,Clayey,Millets,66.69,45.23,37.3,17-17-17
21.06,24.24,47.13,Red,Oil seeds,20.79,20.85,22.53,DAP
24.06,43.77,30.71,Black,Tobacco,77.76,57.12,71.38,17-17-17
27.26,56.79,57.14,Black,Pulses,65.87,60.14,41.54,17-17-17
27.27,56.74,53.53,Sandy,Oil seeds,0.0,13.66,12.39,20-20
29.99,67.01,33.12,Black,Sugarcane,66.5,53.75,47.12,Urea
37.14,55.19,45.72,Clayey,Sugarcane,80.52,60.69,46.08,14-35-14
31.38,30.16,55.23,Red,Watermelon,27.17,26.76,12.74,20-20
27.76,60.49,33.62,Red,Oil seeds,20.36,22.75,12.34,DAP
29.31,65.62,42.34,Sandy,Maize,24.42,15.46,27.76,DAP
27.95,69.15,57.35,Clayey,Wheat,87.46,61.86,47.12,14-35-14
17.1,69.6,57.64,Loamy,Wheat,50.96,57.69,39.08,DAP
29.54,64.59,72.66,Sandy,Barley,39.07,20.33,14.3,Urea
33.89,31.88,41.25,Red,Watermelon,33.33,10.83,14.92,20-20
29.98,50.87,40.3,Red,Tobacco,27.92,21.28,36.08,10-26-26
29.8,59.2,21.14,Clayey,Sugarcane,65.17,45.85,39.73,14-35-14
29.49,76.47,56.54,Sandy,Wheat,26.35,15.09,22.29,Urea
26.65,80.66,44.99,Sandy,Rice,27.69,10.04,16.0,Urea
29.19,74.63,52.52,Red,Wheat,30.7,12.58,29.3,28-28
27.68,71.46,41.33,Sandy,Watermelon,15.25,10.46,11.2,17-17-17
22.33,63.41,36.14,Black,Ground Nuts,57.53,59.56,50.4,17-17-17
24.21,42.28,45.46,Red,Maize,27.89,15.72,31.39,DAP
34.05,92.77,36.85,Loamy,Paddy,71.64,42.69,51.63,Urea
37.92,61.65,49.95,Black,Barley,81.86,38.05,34.05,17-17-17
27.03,83.85,34.9,Loamy,Barley,43.43,31.09,21.8,DAP
19.87,48.97,74.13,Clayey,Paddy,69.94,41.28,51.58,Urea
30.64,45.37,49.16,Clayey,Sugarcane,76.17,46.21,18.09,14-35-14
27.22,23.61,57.34,Clayey,Wheat,57.67,44.32,52.27,14-35-14
22.26,38.35,72.16,Clayey,Sugarcane,62.95,47.66,30.27,14-35-14
22.35,63.67,43.54,Clayey,Cotton,54.82,38.73,50.11,17-17-17
28.02,36.69,76.78,Black,Maize,57.7,35.86,52.41,17-17-17
25.65,49.61,46.86,Sandy,Maize,7.14,10.17,17.27,DAP
19.18,87.42,34.14,Sandy,Watermelon,37.55,7.77,13.16,17-17-17
27.35,55.36,32.47,Sandy,Wheat,7.9,9.72,6.29,Urea
27.99,64.95,44.92,Red,Wheat,26.46,18.0,28.32,28-28
25.83,68.3,51.3,Red,Oil seeds,25.25,18.07,14.69,DAP
10.64,66.14,25.12,Clayey,Pulses,74.11,41.39,40.95,14-35-14
29.24,51.89,20.95,Loamy,Sugarcane,52.9,39.12,37.43,17-17-17
25.5,44.27,48.84,Loamy,Oil seeds,61.62,22.34,37.21,10-26-26
21.73,80.65,56.66,Black,Pulses,79.61,55.33,51.79,17-17-17
32.77,58.53,61.8,Red,Barley,28.29,37.59,32.67,20-20
25.08,78.85,61.85,Loamy,Rice,67.66,45.08,33.14,Urea
23.92,62.87,46.03,Clayey,Pulses,75.69,50.22,31.72,14-35-14
36.95,77.5,52.64,Red,Sugarcane,36.89,19.53,28.85,20-20
40.72,38.76,41.44,Red,Watermelon,26.84,21.78,36.97,20-20
35.64,49.54,44.21,Red,Ground Nuts,38.48,17.73,7.9,DAP
34.18,65.22,47.59,Black,Ground Nuts,75.75,44.32,50.2,17-17-17
25.49,53.27,48.58,Sandy,Pulses,24.7,14.24,23.49,DAP
35.45,36.74,28.97,Loamy,Cotton,48.03,46.14,44.56,14-35-14
31.54,79.72,44.9,Loamy,Maize,51.67,32.15,45.46,20-20
30.72,71.83,52.99,Red,Tobacco,13.39,20.71,22.79,10-26-26
28.36,71.56,41.62,Black,Tobacco,71.55,59.96,26.36,17-17-17
23.61,79.93,54.24,Black,Sugarcane,68.89,52.15,58.97,Urea
33.79,62.92,32.13,Loamy,Ground Nuts,29.74,26.88,44.81,20-20
29.94,53.89,46.8,Black,Oil seeds,71.82,54.47,50.1,17-17-17
31.0,81.53,58.37,Red,Paddy,35.1,37.2,21.17,DAP
24.42,53.56,24.63,Sandy,Rice,15.37,6.9,27.81,Urea
13.0,71.4,62.52,Clayey,Rice,48.82,43.01,50.59,Urea
34.03,50.71,31.78,Loamy,Oil seeds,57.54,37.05,59.68,10-26-26
20.17,59.14,44.67,Black,Rice,67.1,47.3,50.06,Urea
37.72,56.71,82.79,Black,Wheat,62.4,52.15,67.67,17-17-17
18.86,38.53,43.84,Sandy,Millets,21.78,2.5,13.62,Urea
36.29,74.77,56.86,Black,Cotton,79.5,43.59,44.28,DAP
27.32,73.62,38.46,Sandy,Millets,28.52,14.6,11.12,Urea
20.67,50.84,39.2,Loamy,Oil seeds,53.58,26.19,33.17,10-26-26
26.64,71.96,30.88,Red,Maize,23.75,30.14,11.21,DAP
28.18,49.15,75.28,Clayey,Rice,62.32,34.85,37.16,Urea
29.88,79.65,19.99,Black,Maize,63.44,46.26,48.33,17-17-17
29.4,74.07,74.47,Red,Tobacco,8.29,26.83,20.79,10-26-26
26.58,49.5,39.92,Loamy,Wheat,53.44,41.96,35.07,DAP
28.9,44.9,29.26,Black,Tobacco,78.28,38.19,35.54,17-17-17
34.53,80.37,21.26,Loamy,Pulses,54.62,35.47,42.53,20-20
29.29,51.57,39.76,Black,Millets,89.59,55.59,48.21,20-20
31.26,62.36,37.7,Black,Ground Nuts,64.75,52.02,60.59,17-17-17
22.25,61.37,54.4,Clayey,Ground Nuts,45.79,56.99,40.02,14-35-14
22.03,67.59,46.97,Black,Maize,86.99,50.16,42.84,17-17-17
19.54,54.16,32.37,Sandy,Ground Nuts,29.22,14.11,9.09,10-26-26
23.74,78.51,44.03,Sandy,Oil seeds,11.38,11.66,11.18,20-20
28.99,40.66,64.63,Sandy,Oil seeds,21.47,16.47,11.65,20-20
28.41,42.28,7.6,Black,Rice,65.16,64.58,58.22,Urea
25.51,70.72,49.64,Black,Wheat,79.29,55.74,58.41,17-17-17
41.49,64.67,54.68,Sandy,Maize,20.79,12.09,13.8,DAP
17.87,68.98,74.67,Loamy,Rice,41.7,46.01,35.48,Urea
29.12,59.75,62.83,Black,Oil seeds,69.6,44.82,67.95,17-17-17
36.48,63.17,43.55,Red,Millets,17.2,3.34,34.04,28-28
28.52,74.77,67.92,Red,Sugarcane,48.16,20.19,25.34,20-20
27.81,56.55,30.57,Loamy,Ground Nuts,65.39,20.93,54.75,20-20
27.5,62.23,26.67,Sandy,Watermelon,20.9,13.79,24.07,17-17-17
30.18,62.17,17.2,Clayey,Oil seeds,49.81,47.21,55.73,14-35-14
30.51,57.62,38.72,Clayey,Rice,57.37,35.38,39.99,Urea
36.79,77.83,45.27,Sandy,Sugarcane,26.92,11.16,23.01,10-26-26
25.2,95.2,26.48,Loamy,Maize,48.13,35.18,48.53,20-20
26.96,79.05,64.43,Sandy,Maize,13.37,10.09,18.55,DAP
30.28,68.55,51.72,Loamy,Millets,54.01,43.43,51.17,DAP
30.77,58.1,56.62,Red,Sugarcane,37.94,25.48,30.59,20-20
29.45,54.23,35.87,Black,Cotton,61.47,55.38,66.94,DAP
25.55,56.12,37.39,Red,Paddy,30.66,28.85,21.76,DAP
28.54,55.01,50.1,Sandy,Tobacco,13.48,10.59,19.88,10-26-26
26.63,59.31,46.71,Red,Pulses,13.68,5.54,12.76,10-26-26
16.56,63.08,54.88,Black,Sugarcane,81.16,63.24,59.38,Urea
28.78,36.22,38.72,Loamy,Cotton,36.5,38.37,44.35,14-35-14
30.58,58.31,22.27,Red,Sugarcane,22.91,20.99,35.33,20-20
42.45,57.76,39.89,Sandy,Millets,14.96,14.39,16.08,Urea
26.85,56.61,58.85,Red,Cotton,19.62,24.38,26.21,28-28
39.37,43.51,48.96,Red,Tobacco,19.8,31.73,34.26,10-26-26
34.31,62.55,31.29,Clayey,Rice,61.19,34.39,47.17,Urea
29.68,89.88,26.54,Loamy,Sugarcane,66.14,48.61,44.04,17-17-17
17.25,82.65,72.4,Clayey,Cotton,67.02,36.12,39.72,17-17-17
32.16,47.61,45.42,Clayey,Cotton,56.35,56.42,47.75,17-17-17
30.52,52.63,5.32,Sandy,Paddy,21.31,8.84,16.95,Urea
26.29,73.56,37.84,Loamy,Cotton,64.44,42.33,39.36,14-35-14
27.61,53.75,18.92,Clayey,Sugarcane,58.28,43.29,11.58,14-35-14
38.82,36.64,60.82,Black,Pulses,77.8,47.02,65.67,17-17-17
30.75,70.38,68.96,Red,Rice,15.29,28.95,21.13,DAP
26.05,89.53,59.1,Black,Rice,68.22,46.33,55.05,Urea
27.53,63.52,56.06,Black,Paddy,78.48,52.8,48.54,Urea
30.53,74.73,27.27,Loamy,Pulses,66.6,51.11,55.68,20-20
25.15,47.51,52.07,Loamy,Wheat,47.35,54.21,51.89,DAP
31.16,67.27,40.19,Loamy,Millets,38.55,37.26,30.16,DAP
32.35,58.0,57.74,Black,Tobacco,107.11,37.87,35.36,17-17-17
38.4,55.66,47.78,Black,Sugarcane,58.62,43.05,47.98,Urea
32.64,69.78,25.66,Loamy,Millets,62.28,46.81,31.88,DAP
32.95,74.83,49.77,Clayey,Tobacco,63.22,51.97,42.77,14-35-14
33.61,67.12,45.78,Black,Ground Nuts,61.93,44.37,62.56,17-17-17
33.92,68.3,46.3,Sandy,Maize,10.68,6.58,18.66,DAP
40.11,64.69,18.32,Black,Rice,87.32,55.95,39.74,Urea
24.95,48.95,47.92,Black,Rice,78.05,57.62,54.94,Urea
26.72,84.57,67.93,Sandy,Maize,17.26,4.24,12.81,DAP
23.36,62.81,59.34,Red,Tobacco,31.66,24.54,24.25,10-26-26
35.33,76.95,34.13,Black,Paddy,94.25,44.6,63.27,Urea
25.52,44.67,30.55,Black,Ground Nuts,88.83,51.99,46.95,17-17-17
31.96,48.16,45.96,Loamy,Pulses,48.18,53.56,30.76,20-20
25.66,81.48,40.93,Sandy,Oil seeds,11.04,7.07,14.34,20-20
27.57,77.8,76.29,Clayey,Ground Nuts,59.0,29.89,46.07,14-35-14
29.29,79.09,26.95,Sandy,Wheat,29.61,10.68,7.73,Urea
33.53,93.39,45.16,Loamy,Cotton,34.78,55.4,19.35,14-35-14
27.44,31.3,30.52,Clayey,Tobacco,56.89,51.69,49.03,14-35-14
29.93,79.88,48.45,Sandy,Oil seeds,24.77,18.86,18.51,20-20
26.46,46.99,45.2,Black,Sugarcane,76.58,42.45,51.29,Urea
26.56,62.28,41.19,Red,Rice,41.14,18.75,20.04,DAP
27.82,43.5,65.7,Sandy,Maize,27.26,12.77,17.28,DAP
25.81,60.32,52.11,Red,Watermelon,21.45,14.76,32.72,20-20
32.69,71.16,48.99,Sandy,Rice,25.74,4.61,16.39,Urea
17.44,56.54,5.0,Black,Tobacco,83.52,60.17,53.94,17-17-17
28.67,79.52,32.33,Clayey,Millets,70.92,42.14,23.2,17-17-17
19.93,59.12,21.64,Sandy,Wheat,13.58,13.19,16.75,Urea
30.65,73.81,48.41,Clayey,Pulses,62.41,51.52,46.64,14-35-14
26.55,66.49,49.88,Red,Tobacco,21.92,9.94,17.35,10-26-26
21.31,94.97,70.88,Loamy,Millets,64.84,55.54,28.79,DAP
21.59,58.3,50.02,Black,Oil seeds,52.32,63.63,58.24,17-17-17
24.96,52.07,29.15,Loamy,Barley,68.63,31.75,28.94,DAP
25.73,69.65,63.79,Sandy,Rice,17.94,12.83,20.95,Urea
38.35,57.11,47.27,Red,Ground Nuts,35.94,16.02,6.1,DAP
27.04,53.27,45.13,Red,Paddy,28.21,12.99,5.23,DAP
27.51,56.02,42.17,Black,Barley,50.94,61.29,31.31,17-17-17
18.97,62.55,44.65,Loamy,Rice,76.43,70.95,30.96,Urea
30.58,55.97,59.39,Red,Pulses,36.95,18.27,11.22,10-26-26
27.09,49.6,27.5,Sandy,Barley,23.01,11.75,22.29,Urea
31.27,73.25,90.0,Loamy,Ground Nuts,70.77,40.88,34.8,20-20
21.23,55.02,66.52,Red,Maize,24.77,12.75,19.91,DAP
28.97,49.48,31.42,Red,Millets,16.82,12.46,22.47,28-28
25.59,64.87,17.94,Clayey,Wheat,60.45,63.57,50.58,14-35-14
24.31,65.28,68.03,Sandy,Millets,27.03,15.95,9.4,Urea
32.69,49.81,43.21,Loamy,Oil seeds,64.05,44.53,48.36,10-26-26
27.07,81.97,47.75,Loamy,Millets,55.33,33.07,23.3,DAP
22.73,99.46,52.17,Black,Ground Nuts,58.33,25.01,35.2,17-17-17
29.57,65.29,50.69,Loamy,Tobacco,59.73,39.6,53.63,20-20
28.77,56.18,36.93,Black,Maize,64.67,45.53,51.64,17-17-17
14.86,67.07,51.96,Black,Oil seeds,51.84,51.11,30.44,17-17-17
24.28,71.55,55.96,Red,Millets,43.65,8.92,28.47,28-28
29.18,60.4,47.83,Black,Sugarcane,59.17,25.7,45.18,Urea
31.93,68.75,40.09,Red,Pulses,34.16,16.32,18.94,10-26-26
27.2,44.02,43.79,Red,Cotton,23.09,22.11,24.72,28-28
26.9,70.95,39.43,Clayey,Sugarcane,55.54,45.04,41.85,14-35-14
21.19,45.27,50.09,Loamy,Barley,37.49,37.65,26.11,DAP
26.84,79.9,48.71,Black,Tobacco,82.02,38.07,52.05,17-17-17
21.31,74.38,9.43,Black,Oil seeds,46.43,88.91,50.75,17-17-17
34.6,63.0,62.08,Loamy,Pulses,54.86,25.28,42.9,20-20
28.35,61.14,42.3,Sandy,Sugarcane,14.24,19.75,10.43,10-26-26
22.18,90.62,47.56,Red,Ground Nuts,32.95,10.61,21.58,DAP
26.86,62.37,38.25,Red,Oil seeds,27.09,18.36,19.37,DAP
29.46,82.01,51.98,Red,Paddy,33.75,8.49,35.23,DAP
26.5,67.88,18.8,Clayey,Paddy,62.99,52.6,52.42,Urea
23.13,80.82,66.27,Loamy,Sugarcane,46.67,39.97,45.89,17-17-17
25.03,63.26,74.19,Black,Watermelon,58.66,59.86,73.03,DAP
27.84,58.96,48.23,Clayey,Paddy,72.23,62.98,49.05,Urea
26.5,52.88,44.67,Loamy,Tobacco,61.52,38.9,31.95,20-20
21.94,70.15,28.78,Clayey,Millets,53.88,54.49,36.88,17-17-17
29.55,61.6,47.82,Red,Paddy,27.55,0.0,3.86,DAP
30.01,74.24,38.04,Clayey,Paddy,50.56,43.36,39.95,Urea
29.91,84.4,48.54,Black,Rice,80.53,55.69,53.52,Urea
20.43,65.79,47.82,Sandy,Watermelon,20.37,6.4,14.63,17-17-17
28.2,56.68,24.81,Sandy,Maize,34.79,12.9,14.91,DAP
22.08,65.56,34.79,Sandy,Sugarcane,25.75,18.83,9.72,10-26-26
19.92,53.08,58.64,Clayey,Cotton,70.08,40.25,47.88,17-17-17
24.65,85.47,47.58,Sandy,Rice,19.77,18.48,11.5,Urea
31.46,65.05,82.84,Sandy,Ground Nuts,11.6,2.03,21.33,10-26-26
33.41,63.43,35.32,Red,Ground Nuts,17.97,17.68,24.43,DAP
30.67,71.08,43.96,Clayey,Sugarcane,61.9,55.06,32.77,14-35-14
22.2,60.97,46.23,Red,Oil seeds,30.93,10.7,21.65,DAP
25.6,58.68,46.38,Sandy,Wheat,29.9,10.72,23.92,Urea
32.83,43.07,64.09,Black,Pulses,68.86,51.65,35.88,17-17-17
29.37,46.43,30.48,Black,Pulses,77.63,48.81,44.89,17-17-17
44.99,67.9,50.25,Loamy,Ground Nuts,49.3,50.85,43.11,20-20
28.83,74.16,34.63,Black,Wheat,89.62,43.09,59.97,17-17-17
27.94,51.51,39.63,Loamy,Watermelon,63.62,54.5,47.36,14-35-14
26.89,72.37,43.13,Loamy,Millets,32.74,41.47,30.1,DAP
22.75,53.53,20.96,Sandy,Wheat,36.1,20.94,15.74,Urea
28.46,69.45,71.44,Sandy,Barley,12.59,15.55,11.92,Urea
31.04,41.89,69.46,Loamy,Ground Nuts,60.88,36.56,42.53,20-20
25.0,78.64,37.28,Clayey,Sugarcane,66.15,46.51,50.29,14-35-14
21.5,49.74,56.54,Black,Rice,51.54,40.48,38.8,Urea
32.93,82.37,40.49,Sandy,Paddy,29.18,13.04,14.61,Urea
25.55,30.03,66.48,Sandy,Cotton,7.67,18.82,19.05,14-35-14
27.7,74.06,54.82,Black,Sugarcane,65.98,64.06,51.21,Urea
19.28,63.78,31.61,Clayey,Sugarcane,59.29,50.15,52.25,14-35-14
37.33,78.81,36.03,Sandy,Watermelon,19.51,5.34,10.5,17-17-17
31.45,51.12,29.92,Black,Watermelon,66.09,23.85,53.18,DAP
19.95,54.49,61.84,Red,Maize,21.39,13.31,25.22,DAP
32.73,68.56,49.04,Red,Oil seeds,19.07,33.65,25.13,DAP
27.47,52.14,62.12,Sandy,Wheat,22.47,5.85,17.49,Urea
24.17,54.98,29.09,Sandy,Watermelon,17.11,5.18,15.69,17-17-17
26.92,79.96,45.94,Black,Maize,47.7,58.85,34.66,17-17-17
33.26,80.85,47.73,Black,Paddy,72.0,26.14,59.23,Urea
28.14,65.17,50.27,Clayey,Sugarcane,62.51,58.08,51.32,14-35-14
30.51,67.52,29.62,Sandy,Tobacco,26.46,12.01,14.77,10-26-26
28.33,40.02,34.02,Sandy,Millets,9.39,11.89,13.47,Urea
25.47,66.5,5.0,Clayey,Oil seeds,69.86,54.2,49.06,14-35-14
23.17,33.9,20.91,Clayey,Sugarcane,51.66,31.23,47.61,14-35-14
19.59,51.69,44.83,Sandy,Millets,24.29,13.34,6.05,Urea
25.36,30.73,35.57,Clayey,Millets,46.43,43.56,43.11,17-17-17
29.58,65.73,63.92,Loamy,Paddy,63.12,38.63,39.84,Urea
29.49,51.71,47.28,Clayey,Paddy,68.47,35.43,53.04,Urea
28.71,55.93,35.57,Loamy,Oil seeds,69.93,20.56,42.95,10-26-26
29.2,43.13,21.86,Red,Barley,41.98,8.11,22.81,20-20
23.96,47.54,25.34,Black,Barley,64.84,47.22,50.94,17-17-17
28.19,56.61,54.59,Sandy,Wheat,31.39,12.12,13.46,Urea
26.81,55.82,45.73,Red,Maize,38.72,10.23,9.35,DAP
28.23,100.0,59.48,Clayey,Sugarcane,67.23,55.07,45.99,14-35-14
33.02,66.87,59.57,Sandy,Maize,30.7,6.32,12.78,DAP
29.78,59.13,47.59,Black,Wheat,58.68,58.6,40.11,17-17-17
30.62,51.18,43.0,Sandy,Oil seeds,19.28,24.69,19.69,20-20
21.04,67.56,35.87,Clayey,Pulses,65.76,57.31,45.92,14-35-14
32.39,43.65,31.7,Black,Barley,87.36,62.31,49.9,17-17-17
31.1,66.82,53.27,Sandy,Sugarcane,20.64,8.24,11.37,10-26-26
36.47,67.37,33.19,Loamy,Tobacco,81.38,14.18,29.15,20-20
22.51,75.82,33.15,Clayey,Watermelon,63.2,54.84,51.65,10-26-26
33.6,58.08,30.67,Loamy,Watermelon,61.92,70.79,43.11,14-35-14
29.72,42.69,47.95,Red,Tobacco,41.06,24.87,36.17,10-26-26
36.78,48.4,66.9,Red,Oil seeds,36.79,37.12,7.17,DAP
26.2,28.68,44.65,Sandy,Wheat,25.81,6.72,19.66,Urea
24.2,72.77,60.73,Black,Pulses,56.18,35.37,50.16,17-17-17
28.01,68.87,35.61,Black,Ground Nuts,81.25,54.53,64.52,17-17-17
41.84,72.54,51.31,Loamy,Tobacco,57.24,22.66,37.62,20-20
24.89,74.01,40.12,Red,Maize,32.2,32.97,9.39,DAP
23.78,42.69,51.9,Loamy,Wheat,51.25,50.71,35.25,DAP
30.61,43.44,40.04,Red,Maize,39.75,27.83,24.13,DAP
22.11,63.27,30.32,Red,Tobacco,44.26,1.95,15.37,10-26-26
25.05,71.76,29.06,Loamy,Millets,69.0,52.16,49.09,DAP
28.73,67.85,32.99,Sandy,Oil seeds,28.86,15.22,18.4,20-20
32.95,68.07,57.46,Clayey,Paddy,58.56,46.53,47.03,Urea
28.47,44.78,37.05,Sandy,Cotton,15.07,12.34,18.87,14-35-14
33.44,80.3,38.18,Black,Maize,69.01,62.71,56.57,17-17-17
25.51,55.54,46.36,Red,Millets,21.56,21.93,21.41,28-28
35.03,78.86,60.07,Clayey,Wheat,33.25,38.73,33.05,14-35-14
26.0,36.97,53.06,Loamy,Maize,68.25,37.94,33.98,20-20
24.96,51.16,31.8,Red,Paddy,31.38,26.98,32.26,DAP
28.46,31.72,40.56,Red,Maize,33.4,12.71,14.83,DAP
21.31,48.95,15.69,Loamy,Pulses,40.92,38.51,41.69,20-20
31.49,53.35,37.81,Red,Pulses,34.1,31.23,13.11,10-26-26
21.65,70.56,57.77,Sandy,Rice,6.64,12.22,11.91,Urea
36.38,46.17,59.08,Red,Pulses,46.08,30.08,23.33,10-26-26
31.93,72.66,40.74,Clayey,Millets,59.6,41.9,60.33,17-17-17
24.65,47.54,29.51,Black,Watermelon,80.05,55.49,44.35,DAP
36.7,33.12,30.66,Clayey,Paddy,47.44,32.69,25.4,Urea
32.3,56.14,65.87,Red,Oil seeds,33.33,19.52,22.03,DAP
29.47,76.25,35.63,Sandy,Sugarcane,18.88,6.37,19.37,10-26-26
26.68,55.47,52.96,Sandy,Ground Nuts,22.71,11.66,14.23,10-26-26
29.06,58.93,23.52,Black,Maize,84.12,64.43,41.17,17-17-17
34.42,72.44,29.0,Loamy,Ground Nuts,56.25,40.56,44.53,20-20
38.32,57.2,59.63,Clayey,Oil seeds,65.91,33.13,26.46,14-35-14
26.56,68.39,59.18,Loamy,Millets,46.14,48.4,46.04,DAP
17.7,36.21,35.06,Sandy,Millets,13.33,11.23,18.5,Urea
26.97,81.45,48.83,Red,Watermelon,36.48,23.35,31.69,20-20
23.87,66.0,61.53,Red,Cotton,17.37,16.68,22.92,28-28
26.55,64.68,39.89,Red,Tobacco,45.27,29.1,21.33,10-26-26
20.02,52.49,43.89,Red,Ground Nuts,43.17,16.46,0.0,DAP
25.69,53.97,38.36,Sandy,Barley,29.93,5.28,8.12,Urea
28.29,59.59,75.35,Black,Maize,69.28,39.51,49.85,17-17-17
26.3,48.92,42.71,Red,Cotton,33.92,17.14,27.79,28-28
37.01,55.17,61.26,Loamy,Cotton,51.35,13.51,38.1,14-35-14
32.12,53.24,54.43,Black,Rice,55.73,48.2,54.33,Urea
24.26,56.61,48.19,Loamy,Millets,58.16,44.72,43.73,DAP
32.42,64.02,34.3,Red,Tobacco,46.1,34.49,6.83,10-26-26
20.31,33.56,52.65,Red,Wheat,25.36,18.93,17.52,28-28
28.64,52.5,52.07,Clayey,Watermelon,58.36,48.41,39.79,10-26-26
34.49,60.9,50.03,Red,Watermelon,38.34,18.04,25.11,20-20
23.24,51.46,74.1,Clayey,Ground Nuts,73.74,78.04,54.67,14-35-14
28.62,66.22,86.84,Black,Barley,51.54,58.63,48.55,17-17-17
33.61,51.66,17.11,Loamy,Millets,27.14,42.42,43.76,DAP
30.38,50.25,27.15,Sandy,Cotton,21.41,18.46,14.11,14-35-14
26.99,68.86,48.55,Loamy,Rice,59.67,43.49,47.32,Urea
21.58,63.0,41.53,Loamy,Pulses,39.46,53.07,55.13,20-20
23.63,85.43,81.09,Red,Cotton,45.4,19.31,9.73,28-28
26.82,53.08,30.18,Clayey,Sugarcane,59.07,34.61,23.17,14-35-14
23.87,72.35,58.44,Clayey,Rice,63.88,34.57,52.15,Urea
31.13,75.58,67.58,Red,Barley,29.92,15.18,20.05,20-20
30.68,78.38,42.25,Loamy,Watermelon,35.69,21.84,33.03,14-35-14
31.36,54.42,55.15,Loamy,Millets,71.9,45.5,55.01,DAP
26.97,62.74,28.13,Sandy,Sugarcane,22.3,5.66,15.96,10-26-26
24.39,52.52,49.05,Black,Barley,55.24,51.35,62.6,17-17-17
28.54,50.83,9.22,Black,Sugarcane,72.29,53.84,63.73,Urea
39.95,55.98,59.75,Black,Cotton,69.36,50.97,47.11,DAP
29.25,36.57,35.87,Sandy,Ground Nuts,8.2,16.95,10.04,10-26-26
30.34,54.52,24.96,Loamy,Oil seeds,69.4,48.95,31.28,10-26-26
27.15,69.83,72.09,Loamy,Oil seeds,42.54,35.97,51.13,10-26-26
35.68,49.99,46.56,Sandy,Watermelon,15.6,17.18,27.47,17-17-17
27.91,46.86,39.61,Red,Barley,35.55,16.78,18.58,20-20
22.44,52.03,51.26,Red,Maize,26.3,7.91,32.77,DAP
35.28,70.78,57.19,Red,Paddy,25.43,28.83,19.52,DAP
35.45,47.5,39.58,Sandy,Barley,39.56,3.02,11.75,Urea
26.55,45.62,68.56,Red,Tobacco,28.98,26.21,25.77,10-26-26
36.05,56.4,58.97,Black,Cotton,82.19,50.09,35.33,DAP
19.5,52.83,57.12,Sandy,Millets,27.69,9.03,1.76,Urea
29.28,30.4,55.21,Black,Watermelon,70.9,52.8,60.35,DAP
28.77,58.8,43.77,Sandy,Watermelon,17.39,18.64,10.36,17-17-17
27.24,66.68,52.86,Clayey,Cotton,62.92,43.12,57.99,17-17-17
24.93,43.8,47.7,Loamy,Wheat,46.08,27.0,32.28,DAP
21.84,65.06,27.81,Clayey,Pulses,66.0,27.94,49.38,14-35-14
27.5,85.6,5.0,Clayey,Watermelon,66.71,38.26,33.61,10-26-26
22.92,40.64,49.83,Sandy,Rice,27.53,12.5,9.91,Urea
25.86,66.66,42.1,Clayey,Millets,47.04,42.87,67.58,17-17-17
25.92,69.29,51.16,Clayey,Barley,52.33,17.39,59.78,28-28
39.39,40.68,5.53,Sandy,Pulses,8.68,9.19,0.0,DAP
29.3,54.58,38.25,Loamy,Tobacco,72.71,57.74,50.84,20-20
23.48,54.0,22.71,Red,Ground Nuts,40.86,29.34,26.42,DAP
29.84,70.38,38.14,Red,Paddy,11.34,18.88,28.73,DAP
28.03,60.96,47.88,Red,Millets,32.68,16.02,14.44,28-28
32.62,55.38,35.31,Black,Paddy,56.86,51.87,36.85,Urea
22.95,69.29,75.86,Loamy,Wheat,60.24,16.37,49.04,DAP
29.42,49.44,33.87,Clayey,Pulses,60.37,33.23,55.21,14-35-14
33.18,38.69,69.82,Red,Tobacco,32.25,23.71,17.55,10-26-26
26.06,21.08,43.6,Clayey,Cotton,62.45,38.89,57.75,17-17-17
28.95,81.33,34.02,Black,Rice,81.14,51.87,57.02,Urea
22.04,61.53,71.25,Clayey,Paddy,61.49,47.21,43.68,Urea
35.97,75.19,38.26,Loamy,Tobacco,56.2,34.58,61.43,20-20
29.9,54.4,64.12,Black,Wheat,87.69,28.83,54.11,17-17-17
32.35,52.52,41.0,Clayey,Tobacco,61.87,34.72,45.65,14-35-14
24.16,60.59,40.04,Red,Ground Nuts,31.03,21.29,28.62,DAP
31.41,65.18,29.88,Clayey,Wheat,76.86,50.15,42.76,14-35-14
26.55,65.81,35.45,Red,Ground Nuts,17.83,21.72,35.27,DAP
22.44,70.96,21.44,Loamy,Ground Nuts,67.5,46.69,28.93,20-20
31.29,55.93,36.66,Sandy,Rice,21.43,17.96,22.36,Urea
26.09,70.8,56.71,Loamy,Ground Nuts,57.58,43.96,25.76,20-20
28.08,38.38,41.86,Sandy,Pulses,23.26,0.0,14.25,DAP
24.99,54.29,56.17,Red,Ground Nuts,42.0,40.48,17.83,DAP
33.47,66.03,42.37,Black,Ground Nuts,92.89,47.49,49.27,17-17-17
29.45,45.26,57.8,Loamy,Cotton,52.91,49.92,31.82,14-35-14
26.3,55.72,17.23,Clayey,Barley,35.74,41.6,54.81,28-28
28.22,43.99,29.8,Loamy,Millets,52.95,46.01,49.46,DAP
28.0,69.35,27.15,Clayey,Ground Nuts,65.32,33.49,45.02,14-35-14
23.46,53.96,49.5,Clayey,Paddy,77.59,47.94,36.75,Urea
21.81,44.94,35.01,Loamy,Barley,53.04,25.05,31.87,DAP
36.07,60.46,49.49,Clayey,Sugarcane,68.97,37.69,49.91,14-35-14
19.43,67.78,43.53,Loamy,Maize,48.87,44.69,43.8,20-20
30.22,54.49,30.94,Clayey,Maize,57.6,58.33,56.44,28-28
26.87,50.86,46.73,Black,Paddy,89.33,66.06,58.14,Urea
21.01,79.74,70.43,Clayey,Sugarcane,61.31,54.85,50.41,14-35-14
30.79,60.87,24.53,Black,Ground Nuts,69.22,49.09,48.41,17-17-17
28.83,93.74,56.76,Loamy,Sugarcane,56.24,56.35,23.76,17-17-17
27.51,61.19,48.13,Sandy,Tobacco,15.96,9.84,24.47,10-26-26
25.71,65.28,15.5,Loamy,Ground Nuts,55.79,58.38,50.59,20-20
28.35,77.41,65.66,Loamy,Sugarcane,56.86,39.16,33.45,17-17-17
26.07,60.6,58.74,Loamy,Ground Nuts,55.2,34.16,36.0,20-20
29.84,75.41,25.19,Black,Barley,57.72,64.36,52.35,17-17-17
28.66,54.52,47.66,Loamy,Sugarcane,50.82,37.35,48.01,17-17-17
36.12,70.74,25.65,Red,Tobacco,30.58,20.93,29.21,10-26-26
24.93,64.13,84.15,Black,Maize,58.49,42.75,37.82,17-17-17
17.74,61.28,31.51,Black,Rice,70.7,30.21,51.02,Urea
17.62,46.4,75.62,Loamy,Pulses,65.04,50.13,25.02,20-20
29.4,52.37,5.0,Loamy,Sugarcane,41.69,45.55,42.03,17-17-17
29.23,69.77,55.41,Red,Tobacco,30.87,15.97,19.07,10-26-26
19.28,40.49,39.93,Black,Pulses,61.51,49.79,58.65,17-17-17
29.85,50.65,50.08,Black,Cotton,76.91,61.22,48.51,DAP
27.64,80.64,29.96,Red,Oil seeds,12.57,13.51,27.25,DAP
28.08,61.45,62.11,Loamy,Millets,57.74,39.69,39.8,DAP
26.58,40.15,39.8,Black,Maize,47.99,65.78,47.78,17-17-17
29.89,58.41,43.5,Loamy,Sugarcane,72.72,44.34,50.58,17-17-17
20.48,66.35,64.21,Clayey,Paddy,56.76,47.73,60.42,Urea
24.91,69.62,31.12,Loamy,Sugarcane,30.89,35.71,40.19,17-17-17
28.13,82.2,41.4,Black,Sugarcane,75.75,49.29,57.76,Urea
27.59,94.89,32.45,Black,Sugarcane,75.45,35.16,50.7,Urea
26.1,59.99,21.31,Clayey,Rice,29.95,56.98,42.6,Urea
31.67,45.21,40.74,Clayey,Oil seeds,58.21,51.93,48.96,14-35-14
33.51,45.24,83.39,Clayey,Pulses,47.87,43.44,14.9,14-35-14
20.05,35.57,64.2,Loamy,Sugarcane,42.45,61.07,41.53,17-17-17
25.16,37.13,48.61,Black,Pulses,64.63,49.7,37.24,17-17-17
22.32,52.14,14.24,Red,Maize,35.98,22.6,21.76,DAP
32.08,69.67,58.63,Sandy,Maize,14.51,19.17,8.19,DAP
27.62,74.24,52.62,Clayey,Paddy,63.59,42.65,40.23,Urea
34.1,73.74,82.29,Loamy,Watermelon,49.17,47.61,28.91,14-35-14
30.01,76.02,64.43,Sandy,Millets,16.62,14.26,17.43,Urea
30.51,59.13,48.66,Sandy,Paddy,29.11,10.23,8.09,Urea
28.37,47.34,35.06,Black,Millets,69.27,35.1,59.96,20-20
28.15,69.56,47.85,Loamy,Barley,58.2,41.55,48.65,DAP
30.55,57.63,57.1,Clayey,Millets,76.21,34.96,60.7,17-17-17
32.19,54.49,72.89,Clayey,Watermelon,60.81,56.52,53.63,10-26-26
25.2,67.61,50.24,Loamy,Watermelon,59.38,43.78,50.23,14-35-14
29.31,56.92,41.65,Black,Barley,91.03,57.21,52.99,17-17-17
31.79,69.32,36.92,Black,Sugarcane,45.96,54.51,54.37,Urea
25.21,65.78,33.1,Sandy,Sugarcane,18.31,14.61,18.58,10-26-26
30.49,62.81,54.49,Loamy,Cotton,65.88,53.28,38.28,14-35-14
29.39,64.09,62.13,Red,Oil seeds,30.72,13.85,32.95,DAP
23.19,29.85,36.76,Loamy,Barley,31.95,27.08,46.56,DAP
19.51,59.15,21.71,Red,Wheat,40.32,0.83,9.66,28-28
23.55,72.7,42.03,Sandy,Paddy,30.01,15.81,15.26,Urea
20.16,81.0,56.29,Sandy,Barley,4.43,1.52,9.02,Urea
25.26,47.68,28.48,Sandy,Tobacco,15.58,2.54,18.64,10-26-26
27.33,64.83,71.63,Black,Pulses,46.28,44.03,51.27,17-17-17
35.53,67.42,84.59,Loamy,Oil seeds,35.85,29.43,26.64,10-26-26
37.0,54.8,40.78,Red,Paddy,37.54,11.56,21.04,DAP
20.91,89.44,35.53,Red,Wheat,40.27,20.92,23.86,28-28
25.32,27.04,41.67,Clayey,Oil seeds,60.67,63.58,45.56,14-35-14
29.08,51.12,19.81,Clayey,Millets,53.13,39.34,57.85,17-17-17
22.73,68.33,74.79,Black,Ground Nuts,66.44,70.0,58.79,17-17-17
27.4,60.53,58.75,Red,Paddy,22.86,17.31,13.76,DAP
34.16,71.09,51.44,Clayey,Cotton,51.38,48.12,37.89,17-17-17
28.36,70.02,21.79,Red,Pulses,28.49,38.33,27.89,10-26-26
23.74,62.33,49.58,Red,Oil seeds,30.14,19.5,15.96,DAP
33.62,49.16,30.99,Black,Cotton,29.49,55.38,73.09,DAP
28.01,57.9,49.18,Red,Cotton,49.39,23.38,19.45,28-28
27.35,46.31,47.83,Clayey,Paddy,41.94,40.89,58.74,Urea
16.29,61.03,62.07,Black,Maize,75.88,42.46,46.63,17-17-17
23.12,44.04,47.34,Loamy,Paddy,38.73,35.18,38.97,Urea
25.42,59.78,51.23,Red,Millets,38.07,18.16,33.04,28-28
26.89,59.67,34.67,Loamy,Maize,45.29,45.17,49.57,20-20
25.34,50.89,43.84,Loamy,Millets,65.09,27.07,42.08,DAP
24.64,78.93,69.19,Sandy,Wheat,19.97,1.87,17.24,Urea
29.97,73.43,54.53,Black,Maize,70.72,56.98,43.53,17-17-17
24.83,63.03,38.11,Red,Oil seeds,32.02,26.2,11.62,DAP
34.28,54.06,38.33,Black,Maize,81.9,58.74,53.41,17-17-17
31.29,87.68,59.85,Clayey,Watermelon,60.18,32.25,40.97,10-26-26
21.17,68.35,35.02,Loamy,Cotton,33.35,44.33,42.88,14-35-14
19.16,72.91,17.94,Sandy,Wheat,23.38,11.0,24.34,Urea
28.87,34.83,55.85,Sandy,Rice,22.57,9.18,23.53,Urea
39.59,48.13,27.27,Red,Wheat,35.93,28.21,13.98,28-28
22.83,46.66,65.67,Clayey,Watermelon,53.21,47.06,41.89,10-26-26
31.99,39.78,46.49,Black,Watermelon,62.09,41.96,47.64,DAP
18.42,67.72,31.48,Clayey,Barley,60.55,51.44,34.67,28-28
23.49,62.24,37.44,Sandy,Tobacco,14.08,10.2,11.22,10-26-26
32.15,31.72,37.78,Sandy,Wheat,21.16,15.14,15.03,Urea
19.31,46.59,25.42,Sandy,Watermelon,20.72,14.43,13.41,17-17-17
25.87,72.97,25.34,Loamy,Ground Nuts,58.9,40.02,44.64,20-20
27.79,60.73,63.52,Black,Sugarcane,60.0,47.61,46.4,Urea
27.67,63.88,29.01,Clayey,Cotton,47.15,49.55,41.69,17-17-17
36.34,80.27,60.88,Red,Cotton,21.58,28.34,29.7,28-28
30.86,51.58,65.49,Black,Tobacco,64.39,57.32,59.33,17-17-17
31.25,85.53,61.31,Red,Pulses,20.38,26.4,13.53,10-26-26
31.73,41.18,39.43,Clayey,Tobacco,66.92,35.89,30.11,14-35-14
29.37,50.84,37.85,Red,Maize,25.77,8.68,19.31,DAP
30.72,57.75,55.91,Red,Tobacco,37.33,26.72,7.75,10-26-26
29.88,81.76,39.07,Loamy,Watermelon,47.79,25.6,25.74,14-35-14
34.77,32.46,17.68,Sandy,Wheat,16.62,5.8,15.94,Urea
25.82,66.87,68.28,Clayey,Maize,61.27,35.5,47.05,28-28
34.7,40.51,57.45,Black,Ground Nuts,63.44,66.73,47.28,17-17-17
28.27,67.42,40.54,Black,Wheat,64.38,49.87,59.26,17-17-17
37.6,41.35,29.2,Sandy,Pulses,13.52,9.39,26.41,DAP
28.67,59.39,29.04,Sandy,Pulses,27.51,5.31,23.4,DAP
22.27,59.43,47.01,Clayey,Oil seeds,61.94,45.66,42.7,14-35-14
26.09,57.56,32.89,Clayey,Oil seeds,62.11,30.66,42.79,14-35-14
24.1,78.67,64.08,Red,Ground Nuts,30.21,10.37,17.19,DAP
39.68,40.51,36.44,Loamy,Paddy,53.37,29.24,47.85,Urea
27.49,70.49,55.09,Red,Paddy,27.35,33.91,22.28,DAP
29.43,64.32,64.91,Loamy,Oil seeds,61.92,40.04,43.25,10-26-26
26.13,53.7,40.62,Red,Cotton,26.61,27.62,21.52,28-28
33.92,65.13,44.1,Black,Oil seeds,78.26,49.43,43.87,17-17-17
19.15,49.58,38.86,Red,Cotton,33.92,19.8,15.93,28-28
24.69,66.39,45.29,Clayey,Ground Nuts,80.24,46.9,31.37,14-35-14
24.72,43.78,45.35,Clayey,Oil seeds,65.0,43.86,66.14,14-35-14
27.06,69.8,57.66,Clayey,Maize,63.62,37.95,67.95,28-28
34.76,35.82,46.76,Red,Sugarcane,26.08,29.45,14.0,20-20
29.61,43.01,49.87,Clayey,Pulses,48.44,44.76,48.1,14-35-14
21.8,77.41,90.0,Sandy,Paddy,18.15,0.0,13.51,Urea
31.34,47.34,36.96,Loamy,Paddy,43.48,27.91,26.47,Urea
22.14,32.71,73.03,Sandy,Watermelon,7.02,17.49,7.72,17-17-17
26.04,55.53,77.59,Red,Pulses,22.97,2.59,10.45,10-26-26
33.88,87.87,67.4,Black,Maize,83.37,39.73,61.24,17-17-17
21.29,71.15,41.93,Red,Millets,26.95,17.32,28.38,28-28
29.29,49.13,38.53,Red,Millets,26.15,13.78,20.4,28-28
21.96,74.82,41.59,Black,Tobacco,71.76,50.19,62.78,17-17-17
21.28,63.89,45.07,Sandy,Cotton,5.39,14.94,21.01,14-35-14
33.25,77.14,36.4,Loamy,Barley,85.92,39.81,25.88,DAP
29.34,53.81,40.53,Clayey,Millets,64.59,65.23,30.94,17-17-17
32.13,59.92,31.6,Red,Pulses,19.03,32.8,25.71,10-26-26
33.22,80.85,49.75,Red,Cotton,22.18,32.5,20.76,28-28
27.43,53.24,78.89,Clayey,Pulses,54.25,59.49,57.8,14-35-14
35.19,65.81,70.78,Sandy,Tobacco,32.81,7.12,9.98,10-26-26
34.41,75.89,30.71,Black,Rice,59.97,60.28,59.11,Urea
30.31,49.57,59.92,Clayey,Sugarcane,48.2,61.03,49.64,14-35-14
18.96,62.16,56.85,Loamy,Pulses,56.36,23.01,42.41,20-20
38.79,47.68,55.64,Black,Paddy,63.16,49.19,40.69,Urea
25.14,79.07,44.57,Loamy,Oil seeds,48.26,36.44,32.32,10-26-26
24.32,54.23,56.22,Black,Watermelon,63.92,45.1,57.93,DAP
24.2,39.88,43.79,Red,Maize,48.36,27.21,21.1,DAP
27.61,59.12,57.4,Loamy,Paddy,57.34,34.22,45.37,Urea
37.53,70.11,38.26,Red,Barley,21.17,4.82,20.23,20-20
30.27,73.34,64.54,Sandy,Cotton,22.36,10.65,16.22,14-35-14
22.29,59.04,61.95,Red,Millets,37.96,27.55,24.32,28-28
24.59,71.13,50.64,Black,Maize,54.81,57.74,56.09,17-17-17
28.78,33.32,68.81,Red,Wheat,26.53,16.77,10.9,28-28
21.81,73.04,58.31,Red,Maize,30.76,23.86,25.94,DAP
29.23,69.07,35.34,Red,Sugarcane,9.44,39.78,18.16,20-20
23.15,65.47,41.7,Clayey,Oil seeds,39.89,43.57,48.06,14-35-14
37.18,54.38,28.58,Sandy,Paddy,33.55,12.94,20.14,Urea
36.85,55.36,57.06,Clayey,Watermelon,53.01,24.1,44.91,10-26-26
26.02,56.04,57.71,Loamy,Tobacco,53.69,28.24,32.71,20-20
23.23,57.08,42.44,Red,Wheat,27.26,19.68,12.75,28-28
26.78,65.79,39.18,Red,Watermelon,21.64,12.08,30.2,20-20
33.58,42.29,57.2,Loamy,Barley,62.28,44.63,59.51,DAP
23.69,28.47,47.09,Clayey,Pulses,49.46,38.0,43.67,14-35-14
23.05,46.03,41.1,Loamy,Millets,62.98,47.58,43.42,DAP
23.49,79.56,39.63,Clayey,Rice,64.38,45.93,53.6,Urea
29.74,45.22,32.17,Loamy,Barley,54.98,30.39,62.25,DAP
23.91,69.22,42.77,Sandy,Rice,16.72,10.02,14.65,Urea
25.9,44.9,34.08,Sandy,Barley,27.5,12.7,9.19,Urea
27.51,63.13,48.3,Red,Tobacco,40.43,20.89,33.6,10-26-26
31.28,65.61,32.23,Red,Millets,33.78,25.12,22.22,28-28
23.94,67.94,44.84,Loamy,Sugarcane,38.88,32.94,48.54,17-17-17
32.74,67.65,52.75,Red,Tobacco,49.8,21.35,18.59,10-26-26
30.92,68.1,34.85,Red,Tobacco,34.65,21.82,22.93,10-26-26
24.49,57.72,35.65,Black,Ground Nuts,85.07,42.55,41.0,17-17-17
33.0,75.45,58.75,Sandy,Ground Nuts,29.59,10.54,20.39,10-26-26
28.51,34.79,56.21,Red,Barley,39.04,22.66,32.56,20-20
27.87,74.52,40.33,Black,Ground Nuts,72.7,49.92,51.84,17-17-17
28.28,59.97,51.92,Loamy,Ground Nuts,48.39,38.6,44.57,20-20
39.05,64.33,52.63,Red,Ground Nuts,26.25,22.91,17.94,DAP
32.92,56.13,59.94,Clayey,Millets,58.3,49.88,48.74,17-17-17
26.92,55.7,24.14,Loamy,Watermelon,66.96,35.75,43.77,14-35-14
20.49,48.81,35.08,Sandy,Wheat,24.04,5.8,18.76,Urea
25.18,72.03,49.77,Loamy,Tobacco,36.64,35.18,32.18,20-20
19.95,51.74,57.2,Loamy,Watermelon,36.56,40.6,28.09,14-35-14
39.05,55.74,40.56,Red,Maize,28.05,24.83,14.7,DAP
27.65,92.21,43.74,Sandy,Sugarcane,23.44,14.15,24.48,10-26-26
25.47,79.19,36.14,Clayey,Millets,57.3,42.43,37.69,17-17-17
26.69,43.4,24.74,Sandy,Paddy,15.2,2.07,17.39,Urea
31.21,60.46,10.06,Black,Ground Nuts,60.71,41.56,58.11,17-17-17
30.93,55.31,64.19,Red,Watermelon,26.63,20.84,18.95,20-20
24.46,80.24,31.01,Sandy,Ground Nuts,5.42,10.06,16.66,10-26-26
19.13,50.12,55.64,Sandy,Paddy,16.34,17.67,9.58,Urea
28.6,64.79,46.97,Red,Cotton,25.12,6.9,26.57,28-28
33.32,74.56,35.27,Clayey,Cotton,60.89,41.93,39.51,17-17-17
27.89,57.22,40.17,Sandy,Pulses,18.33,10.42,18.2,DAP
23.65,41.22,45.32,Clayey,Wheat,61.42,55.17,54.35,14-35-14
24.12,65.46,23.88,Clayey,Cotton,44.24,48.56,51.72,17-17-17
30.8,76.25,60.81,Loamy,Oil seeds,55.7,43.58,28.57,10-26-26
29.71,59.3,68.33,Red,Cotton,23.29,14.74,28.17,28-28
30.99,47.0,55.73,Loamy,Rice,65.11,41.5,36.16,Urea
26.12,80.56,33.78,Sandy,Tobacco,16.66,9.03,20.95,10-26-26
27.59,56.48,44.02,Clayey,Oil seeds,69.09,34.79,30.2,14-35-14
24.42,70.33,52.0,Red,Ground Nuts,13.07,21.85,12.8,DAP
31.67,85.48,44.5,Loamy,Cotton,55.02,41.88,32.55,14-35-14
22.53,64.79,47.91,Sandy,Watermelon,14.47,12.75,21.55,17-17-17
25.56,92.21,37.47,Clayey,Ground Nuts,62.99,66.34,57.7,14-35-14
28.47,84.91,63.88,Loamy,Cotton,72.43,47.11,50.77,14-35-14
26.99,56.46,60.73,Black,Barley,76.56,35.5,46.41,17-17-17
29.82,62.4,51.48,Black,Tobacco,59.4,54.94,52.88,17-17-17
25.22,65.88,36.89,Red,Sugarcane,31.51,10.18,22.27,20-20
23.03,48.98,35.12,Loamy,Watermelon,45.13,51.96,47.64,14-35-14
25.26,88.03,45.52,Loamy,Wheat,45.21,43.02,25.45,DAP
27.2,64.88,61.49,Sandy,Millets,18.55,2.53,9.35,Urea
19.76,68.59,32.09,Black,Tobacco,67.2,52.28,55.48,17-17-17
25.79,65.5,16.11,Clayey,Paddy,81.32,49.66,61.17,Urea
26.25,44.31,18.29,Black,Sugarcane,74.5,28.81,39.51,Urea
26.79,60.88,56.94,Red,Barley,27.35,31.18,14.43,20-20
23.47,81.49,18.77,Loamy,Paddy,97.44,53.92,69.28,Urea
26.3,47.61,54.96,Loamy,Barley,39.52,38.51,51.21,DAP
21.09,59.41,45.98,Black,Millets,68.65,43.85,51.99,20-20
23.98,53.35,65.51,Red,Sugarcane,45.15,26.16,18.96,20-20
31.48,63.95,44.96,Clayey,Paddy,57.19,56.97,42.41,Urea
30.53,64.75,46.27,Loamy,Paddy,67.46,34.69,31.8,Urea
24.54,52.3,29.88,Loamy,Sugarcane,56.37,34.6,48.87,17-17-17
36.23,83.14,23.88,Sandy,Sugarcane,28.7,15.82,2.39,10-26-26
37.97,53.87,38.77,Loamy,Watermelon,65.13,44.24,42.28,14-35-14
28.21,69.95,49.57,Red,Tobacco,27.66,21.18,7.59,10-26-26
15.71,61.4,30.39,Red,Ground Nuts,26.59,21.66,29.89,DAP
26.38,70.36,63.51,Red,Barley,32.0,20.12,38.88,20-20
22.72,50.04,44.89,Black,Maize,66.7,67.7,38.91,17-17-17
25.1,67.38,40.37,Loamy,Ground Nuts,37.33,54.4,30.5,20-20
29.06,48.01,67.95,Sandy,Millets,16.4,8.12,15.64,Urea
29.87,66.18,54.22,Clayey,Barley,66.31,30.68,52.67,28-28
31.34,77.28,45.93,Clayey,Barley,76.44,51.78,31.52,28-28
33.79,61.2,75.6,Red,Ground Nuts,27.29,28.42,28.8,DAP
14.72,39.08,46.51,Sandy,Wheat,23.46,12.33,16.88,Urea
20.74,52.0,48.17,Loamy,Rice,61.17,31.14,51.89,Urea
29.24,64.74,42.01,Sandy,Paddy,19.03,12.85,20.27,Urea
23.61,61.6,43.4,Black,Maize,87.15,17.61,47.23,17-17-17
41.01,57.15,42.46,Sandy,Tobacco,34.87,16.13,10.98,10-26-26
32.0,38.39,55.88,Sandy,Paddy,0.0,12.32,15.8,Urea
26.19,69.59,34.01,Black,Sugarcane,73.08,66.68,37.77,Urea
24.85,66.78,68.23,Loamy,Millets,50.08,43.72,45.87,DAP
21.84,41.4,56.96,Clayey,Paddy,35.11,52.46,66.54,Urea
16.87,37.37,52.57,Sandy,Rice,13.65,16.94,5.37,Urea
28.3,19.15,28.93,Sandy,Barley,16.18,6.98,9.69,Urea
26.98,70.15,43.36,Black,Millets,64.71,54.29,52.56,20-20
28.89,69.87,23.42,Loamy,Pulses,76.45,45.99,20.58,20-20
22.06,44.29,39.22,Clayey,Maize,61.52,43.75,44.75,28-28
26.82,59.24,24.95,Sandy,Wheat,17.42,5.69,17.57,Urea
32.85,66.52,68.8,Red,Cotton,31.68,16.73,14.93,28-28
26.0,86.72,40.55,Black,Barley,69.18,44.09,61.14,17-17-17
17.31,51.79,34.2,Loamy,Millets,46.67,43.37,38.24,DAP
27.02,25.5,53.78,Clayey,Maize,68.87,34.83,53.92,28-28
30.03,64.01,36.77,Red,Barley,40.38,8.99,22.15,20-20
28.84,51.47,46.95,Red,Paddy,28.99,21.99,16.48,DAP
23.98,59.43,41.84,Clayey,Rice,51.66,46.18,38.09,Urea
29.24,69.14,43.03,Clayey,Rice,44.59,52.2,50.19,Urea
24.45,63.48,51.22,Black,Oil seeds,74.06,50.01,57.88,17-17-17
27.82,30.15,34.88,Clayey,Watermelon,35.02,65.92,48.13,10-26-26
19.63,64.29,69.71,Loamy,Oil seeds,40.42,40.25,31.8,10-26-26
21.63,60.41,55.2,Clayey,Paddy,55.26,47.02,54.99,Urea
33.23,72.35,29.25,Red,Rice,26.12,14.47,8.89,DAP
24.83,49.49,55.22,Sandy,Sugarcane,19.62,15.15,12.97,10-26-26
20.53,50.24,50.15,Red,Pulses,37.01,21.23,41.26,10-26-26
18.84,66.47,42.91,Loamy,Barley,44.81,29.71,50.3,DAP
28.4,57.67,61.55,Sandy,Ground Nuts,31.66,13.24,20.41,10-26-26
21.04,60.71,58.78,Sandy,Rice,31.72,8.15,15.11,Urea
31.35,71.13,5.0,Clayey,Oil seeds,68.63,47.64,41.86,14-35-14
31.4,58.98,51.43,Loamy,Oil seeds,47.27,20.92,43.29,10-26-26
22.99,51.68,65.76,Clayey,Paddy,49.66,74.45,36.68,Urea
26.22,82.48,43.08,Sandy,Barley,28.42,13.82,10.67,Urea
28.1,53.05,29.02,Sandy,Ground Nuts,10.68,15.91,5.4,10-26-26
25.17,56.16,37.78,Clayey,Sugarcane,61.06,46.13,53.21,14-35-14
33.38,73.01,48.83,Red,Sugarcane,13.77,39.3,26.4,20-20
30.64,51.44,42.19,Black,Oil seeds,49.54,55.06,59.82,17-17-17
22.87,67.16,20.02,Black,Millets,75.71,33.36,48.53,20-20
35.27,57.42,33.99,Sandy,Oil seeds,19.13,4.77,21.19,20-20
32.48,50.85,40.26,Black,Watermelon,89.48,52.93,58.24,DAP
30.27,60.97,41.29,Black,Maize,62.63,32.58,71.81,17-17-17
30.47,80.18,32.14,Red,Paddy,33.52,10.6,26.43,DAP
25.9,85.48,41.26,Red,Cotton,19.31,29.24,9.09,28-28
26.04,48.95,55.6,Sandy,Cotton,27.16,9.88,14.05,14-35-14
24.43,43.7,45.0,Red,Pulses,31.67,30.39,20.31,10-26-26
31.2,100.0,37.99,Loamy,Ground Nuts,50.03,57.18,30.75,20-20
28.55,67.38,36.76,Black,Cotton,65.02,39.37,71.56,DAP
32.98,85.84,53.68,Black,Paddy,71.18,54.34,47.74,Urea
41.75,49.01,33.68,Black,Oil seeds,89.36,55.67,58.54,17-17-17
26.31,44.83,34.36,Red,Sugarcane,26.26,42.61,17.59,20-20
25.57,60.22,75.89,Red,Maize,46.03,0.4,30.35,DAP
18.61,84.41,45.31,Clayey,Wheat,59.06,37.0,41.77,14-35-14
17.81,56.53,60.63,Clayey,Watermelon,55.64,53.12,49.55,10-26-26
30.0,66.58,44.42,Loamy,Barley,41.24,49.28,43.6,DAP
30.27,30.78,38.05,Black,Sugarcane,73.45,53.51,48.31,Urea
20.84,51.71,70.41,Clayey,Paddy,57.05,58.29,35.63,Urea
36.51,63.03,69.48,Red,Rice,32.25,9.85,25.54,DAP
29.99,52.12,43.69,Black,Tobacco,82.51,66.73,48.42,17-17-17
23.26,56.01,59.69,Clayey,Barley,56.15,28.37,35.33,28-28
27.1,74.4,39.31,Black,Rice,50.52,57.59,28.45,Urea
21.95,70.46,59.46,Loamy,Oil seeds,34.38,44.11,21.15,10-26-26
37.69,25.75,40.71,Red,Maize,58.47,19.83,23.23,DAP
24.95,69.95,39.43,Sandy,Maize,19.93,9.3,10.81,DAP
33.78,72.45,27.65,Black,Maize,70.27,51.0,77.77,17-17-17
32.91,35.08,26.25,Loamy,Watermelon,54.08,41.92,51.26,14-35-14
28.28,49.67,78.46,Loamy,Oil seeds,67.61,28.36,38.52,10-26-26
22.57,47.04,53.23,Black,Ground Nuts,84.81,40.34,59.86,17-17-17
29.88,75.81,39.11,Sandy,Oil seeds,7.37,15.92,12.9,20-20
32.49,37.39,37.7,Sandy,Maize,12.46,22.01,24.99,DAP
26.76,100.0,48.35,Red,Pulses,36.8,16.28,9.4,10-26-26
23.22,58.12,35.96,Clayey,Pulses,64.41,48.73,36.98,14-35-14
24.69,79.24,46.83,Black,Ground Nuts,73.92,65.24,41.86,17-17-17
27.74,65.06,14.17,Black,Watermelon,96.75,56.23,51.19,DAP
17.86,46.3,40.69,Sandy,Tobacco,25.85,8.38,12.54,10-26-26
32.37,79.36,67.96,Clayey,Oil seeds,72.45,37.15,55.67,14-35-14
25.92,48.36,87.51,Red,Tobacco,33.51,21.89,10.15,10-26-26
24.59,29.44,39.42,Black,Cotton,67.1,52.19,65.8,DAP
21.18,54.22,58.21,Loamy,Wheat,78.25,38.33,13.42,DAP
26.6,62.93,46.26,Clayey,Sugarcane,60.26,47.35,49.47,14-35-14
31.21,34.52,40.67,Sandy,Wheat,13.46,7.56,21.56,Urea
29.51,69.86,47.13,Sandy,Sugarcane,19.14,9.94,14.59,10-26-26
32.65,73.27,48.14,Black,Rice,62.12,57.07,34.62,Urea
31.95,42.75,60.34,Black,Barley,74.77,42.19,31.65,17-17-17
21.48,64.9,45.51,Clayey,Tobacco,53.6,46.31,44.32,14-35-14
36.93,44.88,12.08,Clayey,Tobacco,59.61,46.42,33.19,14-35-14
30.2,72.19,16.62,Sandy,Cotton,14.59,17.61,25.76,14-35-14
28.43,64.93,51.89,Red,Wheat,30.26,20.66,30.44,28-28
29.61,52.52,29.52,Sandy,Rice,16.02,14.71,15.9,Urea
25.92,44.38,53.75,Sandy,Paddy,15.72,22.18,13.72,Urea
25.46,62.08,35.28,Red,Barley,33.19,22.75,13.94,20-20
29.86,47.61,20.09,Red,Pulses,52.17,17.7,21.97,10-26-26
31.13,58.63,43.66,Loamy,Sugarcane,35.93,34.42,34.08,17-17-17
37.97,43.56,56.6,Clayey,Wheat,74.19,38.23,55.86,14-35-14
35.27,38.25,28.41,Black,Cotton,63.82,52.78,38.9,DAP
29.98,66.08,42.21,Clayey,Millets,47.11,57.17,58.98,17-17-17
31.04,70.09,45.55,Loamy,Paddy,63.39,45.38,53.41,Urea
33.95,53.31,38.76,Sandy,Pulses,14.49,16.88,24.72,DAP
25.56,51.11,32.04,Black,Rice,53.22,43.49,55.63,Urea
20.13,31.86,38.37,Loamy,Barley,38.45,43.35,39.91,DAP
35.21,62.76,31.66,Sandy,Pulses,10.07,4.04,18.37,DAP
44.68,55.79,25.96,Red,Oil seeds,40.05,21.23,28.09,DAP
26.28,47.53,45.59,Loamy,Paddy,74.46,39.62,39.88,Urea
29.09,46.23,39.75,Black,Oil seeds,78.36,45.85,48.75,17-17-17
21.76,82.49,38.32,Clayey,Tobacco,66.9,41.97,53.22,14-35-14
33.47,58.85,33.35,Clayey,Rice,54.4,40.99,44.49,Urea
21.3,78.82,68.0,Loamy,Paddy,66.9,39.02,39.15,Urea
35.11,74.98,31.35,Black,Wheat,73.69,54.15,68.34,17-17-17
28.28,58.93,23.0,Black,Millets,61.01,42.85,61.48,20-20
20.68,54.08,48.84,Black,Sugarcane,95.36,59.24,63.76,Urea
26.0,67.01,44.75,Clayey,Maize,59.37,68.62,34.82,28-28
35.4,61.35,81.15,Red,Pulses,32.35,17.91,20.96,10-26-26
35.92,49.3,54.08,Clayey,Barley,47.23,51.59,61.2,28-28
14.44,80.22,64.46,Loamy,Oil seeds,71.28,53.57,36.41,10-26-26
27.26,56.68,56.41,Black,Maize,61.42,51.21,49.21,17-17-17
30.73,57.34,14.61,Black,Millets,67.23,57.99,67.24,20-20
25.71,49.39,43.09,Red,Oil seeds,14.68,31.27,13.34,DAP
25.9,92.71,45.71,Loamy,Ground Nuts,63.43,29.29,32.64,20-20
18.87,71.92,44.43,Clayey,Tobacco,70.08,37.79,37.89,14-35-14
20.38,71.78,42.75,Loamy,Sugarcane,62.58,39.56,31.92,17-17-17
26.65,100.0,52.37,Black,Wheat,58.65,49.41,46.28,17-17-17
34.99,54.4,32.09,Sandy,Cotton,17.22,10.47,18.32,14-35-14
28.28,71.5,38.66,Red,Paddy,32.01,21.12,6.59,DAP
30.06,55.53,45.72,Black,Tobacco,73.09,54.49,42.29,17-17-17
34.05,55.06,39.0,Red,Ground Nuts,29.38,5.27,20.35,DAP
18.41,69.33,61.51,Red,Sugarcane,32.95,14.46,25.16,20-20
24.58,72.61,52.89,Loamy,Pulses,50.57,20.18,45.31,20-20
28.3,67.95,56.61,Sandy,Sugarcane,24.07,16.28,9.51,10-26-26
31.88,24.23,23.38,Clayey,Wheat,71.59,40.15,46.21,14-35-14
23.87,100.0,63.67,Black,Sugarcane,66.02,39.15,43.88,Urea
37.94,69.75,57.88,Black,Millets,66.77,66.97,39.96,20-20
27.49,76.04,52.06,Black,Rice,69.76,44.81,67.12,Urea
31.23,56.76,31.91,Clayey,Barley,51.22,47.31,41.22,28-28
27.15,67.35,36.01,Clayey,Pulses,61.24,40.4,64.21,14-35-14
25.2,79.04,48.19,Black,Pulses,73.91,61.41,62.08,17-17-17
24.51,53.97,29.05,Sandy,Tobacco,31.93,8.44,12.1,10-26-26
28.6,47.15,33.95,Loamy,Wheat,64.56,41.5,47.96,DAP
25.89,76.46,48.48,Red,Oil seeds,40.01,17.53,25.95,DAP
31.55,51.43,38.25,Loamy,Rice,69.0,55.12,40.83,Urea
19.51,52.01,20.6,Red,Rice,36.42,25.43,14.58,DAP
23.76,80.47,62.58,Clayey,Tobacco,69.11,25.64,44.7,14-35-14
28.41,65.43,39.26,Sandy,Watermelon,29.97,0.0,13.51,17-17-17
24.67,48.52,40.77,Black,Ground Nuts,51.56,25.1,56.69,17-17-17
37.69,67.19,55.85,Clayey,Barley,64.63,31.79,48.66,28-28
21.62,67.36,52.39,Black,Wheat,59.46,64.11,43.37,17-17-17
27.06,70.84,11.42,Loamy,Watermelon,50.12,53.37,55.09,14-35-14
32.34,54.51,42.76,Red,Sugarcane,23.08,11.61,16.28,20-20
25.92,68.24,44.23,Loamy,Millets,64.12,32.69,43.32,DAP
29.55,34.66,36.35,Black,Cotton,78.38,50.07,60.11,DAP
30.64,73.14,59.85,Sandy,Ground Nuts,18.3,10.75,13.27,10-26-26
30.44,61.32,26.75,Red,Wheat,28.84,15.28,27.43,28-28
33.72,86.03,55.54,Black,Sugarcane,68.58,70.99,45.64,Urea
23.86,74.41,52.54,Clayey,Rice,65.17,43.33,43.94,Urea
20.05,34.22,29.2,Sandy,Oil seeds,24.16,14.05,18.82,20-20
26.0,16.32,23.33,Clayey,Maize,76.24,45.92,25.49,28-28
28.37,52.82,50.54,Clayey,Pulses,50.05,38.58,32.04,14-35-14
29.59,31.22,37.44,Red,Watermelon,40.96,17.57,10.37,20-20
25.26,56.58,37.14,Loamy,Paddy,71.47,39.35,51.53,Urea
24.79,32.94,52.23,Sandy,Rice,22.76,11.61,9.9,Urea
27.1,54.96,15.54,Black,Paddy,64.46,35.36,52.75,Urea
31.15,38.07,70.98,Sandy,Pulses,27.86,14.9,14.67,DAP
34.0,43.6,39.63,Clayey,Ground Nuts,42.65,37.06,37.36,14-35-14
30.73,43.61,59.77,Clayey,Oil seeds,79.84,23.77,45.23,14-35-14
27.79,52.47,42.31,Black,Pulses,102.4,43.9,49.52,17-17-17
21.04,59.68,57.05,Clayey,Pulses,50.67,54.11,69.26,14-35-14
21.09,79.96,27.48,Sandy,Wheat,21.68,2.56,7.96,Urea
31.42,51.07,50.36,Black,Oil seeds,74.45,47.52,37.24,17-17-17
18.17,90.84,28.45,Loamy,Millets,50.62,29.55,31.61,DAP
30.57,68.58,44.07,Clayey,Paddy,57.71,29.69,44.57,Urea
24.76,70.55,37.08,Clayey,Pulses,47.63,46.34,40.73,14-35-14
33.74,74.88,29.07,Red,Millets,33.35,24.66,18.73,28-28
36.04,68.73,47.36,Black,Paddy,62.76,58.66,43.63,Urea
24.21,43.51,40.8,Black,Ground Nuts,59.19,26.79,46.16,17-17-17
30.52,37.01,11.13,Loamy,Watermelon,60.41,47.12,35.65,14-35-14
32.72,69.31,67.27,Black,Oil seeds,72.76,67.63,37.54,17-17-17
30.29,70.88,33.57,Clayey,Maize,65.97,39.15,32.51,28-28
30.23,66.47,47.0,Black,Barley,82.85,57.91,60.39,17-17-17
26.69,64.07,50.27,Sandy,Watermelon,16.07,21.96,23.75,17-17-17
21.18,76.47,66.54,Clayey,Sugarcane,58.62,48.8,42.18,14-35-14
23.7,57.7,59.87,Loamy,Tobacco,41.12,33.93,49.1,20-20
27.1,81.07,53.76,Red,Cotton,8.69,8.42,28.99,28-28
19.27,66.09,37.49,Red,Tobacco,12.66,25.0,2.96,10-26-26
36.06,56.51,57.82,Red,Tobacco,38.32,24.39,9.12,10-26-26
14.26,23.46,40.62,Loamy,Maize,68.64,53.02,39.88,20-20
32.61,64.27,41.64,Red,Wheat,24.24,33.96,22.72,28-28
25.74,100.0,28.82,Loamy,Cotton,88.17,36.85,58.98,14-35-14
27.1,52.75,55.29,Black,Paddy,74.97,47.68,37.33,Urea
23.41,20.33,31.59,Clayey,Sugarcane,43.47,41.74,49.09,14-35-14
26.29,34.04,66.67,Clayey,Barley,74.89,40.66,53.78,28-28
29.48,52.87,45.42,Black,Paddy,55.15,54.45,48.8,Urea
25.67,72.49,52.58,Sandy,Ground Nuts,26.18,21.93,14.83,10-26-26
28.47,53.4,58.84,Sandy,Millets,13.54,11.31,14.78,Urea
37.42,43.08,30.22,Loamy,Cotton,56.04,37.84,57.77,14-35-14
26.37,65.86,42.69,Black,Tobacco,63.87,48.32,24.46,17-17-17
25.29,41.61,51.52,Sandy,Cotton,31.12,12.08,26.71,14-35-14
21.83,75.68,46.96,Red,Paddy,19.42,22.62,15.74,DAP
22.71,76.69,50.02,Clayey,Sugarcane,61.93,22.79,55.11,14-35-14
23.11,57.61,37.33,Loamy,Tobacco,55.99,45.68,18.32,20-20
31.37,43.59,30.56,Black,Cotton,69.74,48.44,37.79,DAP
36.16,49.67,55.42,Loamy,Barley,58.26,57.84,36.25,DAP
34.12,54.27,49.58,Clayey,Wheat,57.92,57.16,51.88,14-35-14
22.4,62.08,44.78,Loamy,Rice,59.47,40.1,13.57,Urea
37.74,84.5,69.13,Red,Wheat,23.87,16.48,3.13,28-28
26.83,81.72,40.81,Clayey,Sugarcane,69.51,39.83,41.72,14-35-14
27.91,40.92,53.51,Red,Oil seeds,11.81,17.27,16.01,DAP
24.47,66.44,73.41,Clayey,Tobacco,78.98,49.91,36.52,14-35-14
34.94,70.87,45.92,Clayey,Wheat,42.91,46.05,57.3,14-35-14
24.35,74.47,30.22,Black,Millets,79.63,52.77,48.39,20-20
24.99,74.02,43.19,Red,Cotton,23.04,13.23,12.47,28-28
26.41,13.56,62.13,Clayey,Cotton,64.25,32.35,40.15,17-17-17
25.51,48.17,63.62,Red,Paddy,39.05,13.85,36.16,DAP
32.5,51.31,38.13,Black,Sugarcane,62.8,53.5,54.31,Urea
20.17,69.06,53.1,Clayey,Barley,39.33,53.8,39.1,28-28
26.44,44.16,29.12,Black,Tobacco,69.81,42.78,59.16,17-17-17
33.44,68.82,33.16,Red,Ground Nuts,37.44,24.39,0.0,DAP
27.0,33.48,43.73,Sandy,Barley,30.92,11.9,20.7,Urea
34.7,34.4,32.42,Sandy,Pulses,16.88,1.57,16.67,DAP
30.84,53.54,51.93,Red,Pulses,41.42,38.6,3.41,10-26-26
25.24,62.49,58.36,Black,Maize,68.18,47.44,40.64,17-17-17
40.3,84.51,32.77,Loamy,Rice,42.51,32.0,31.69,Urea
29.34,61.93,39.82,Sandy,Pulses,30.24,2.98,13.41,DAP
27.16,36.47,27.95,Clayey,Wheat,76.86,58.78,38.63,14-35-14
28.73,70.39,63.07,Clayey,Barley,51.87,60.47,54.18,28-28
33.14,69.95,64.13,Loamy,Maize,67.45,34.95,47.98,20-20
23.2,83.48,52.5,Sandy,Pulses,38.23,12.24,13.71,DAP
35.85,53.63,34.26,Clayey,Maize,50.39,46.4,37.81,28-28
31.53,46.8,35.15,Sandy,Paddy,17.05,11.95,13.87,Urea
34.95,43.33,44.23,Clayey,Maize,56.31,43.08,49.02,28-28
29.7,78.74,32.46,Black,Ground Nuts,60.33,39.06,67.7,17-17-17
28.51,64.86,52.53,Black,Millets,69.17,52.36,48.38,20-20
31.22,50.18,37.34,Black,Paddy,65.14,65.97,61.33,Urea
25.49,58.93,35.35,Red,Sugarcane,28.04,4.16,14.63,20-20
22.95,29.66,49.75,Loamy,Oil seeds,43.89,41.12,46.61,10-26-26
24.45,33.18,26.69,Sandy,Sugarcane,14.96,14.76,20.26,10-26-26
24.91,82.78,30.34,Clayey,Maize,63.0,45.0,25.16,28-28
26.52,31.43,50.32,Clayey,Millets,45.69,33.76,46.05,17-17-17
24.93,66.29,53.15,Red,Paddy,17.44,32.84,17.36,DAP
23.13,45.99,29.63,Loamy,Tobacco,72.12,37.28,38.73,20-20
28.47,50.78,64.11,Sandy,Sugarcane,3.98,11.33,12.24,10-26-26
30.53,53.99,64.49,Red,Ground Nuts,52.03,21.01,25.06,DAP
21.73,77.31,51.43,Black,Maize,74.72,57.31,57.43,17-17-17
32.25,52.63,50.75,Clayey,Tobacco,72.43,25.8,58.92,14-35-14
34.35,52.54,49.41,Clayey,Sugarcane,66.19,38.44,41.24,14-35-14
23.54,85.24,54.78,Red,Paddy,36.8,11.8,39.41,DAP
18.86,28.97,46.34,Black,Watermelon,56.83,64.36,46.38,DAP
28.41,52.79,83.09,Red,Rice,19.7,11.41,20.37,DAP
34.55,50.75,57.18,Clayey,Tobacco,40.34,45.04,40.13,14-35-14
34.2,33.74,36.67,Sandy,Cotton,15.66,11.46,11.72,14-35-14
30.48,38.51,41.09,Loamy,Pulses,50.94,34.13,42.35,20-20
30.98,54.68,36.07,Loamy,Paddy,59.74,36.58,34.29,Urea
25.22,81.52,27.94,Sandy,Cotton,24.66,7.11,14.25,14-35-14
34.26,51.1,51.75,Red,Paddy,22.92,33.37,16.66,DAP
29.44,65.99,37.72,Loamy,Ground Nuts,62.43,34.77,47.97,20-20
29.36,65.99,71.66,Sandy,Sugarcane,11.64,8.93,4.17,10-26-26
29.57,71.09,35.89,Clayey,Oil seeds,58.25,40.1,52.97,14-35-14
27.29,57.26,31.92,Sandy,Paddy,12.44,8.35,13.49,Urea
29.29,73.0,49.66,Sandy,Rice,10.9,11.08,11.5,Urea
28.53,56.18,67.56,Sandy,Watermelon,19.74,8.44,11.74,17-17-17
33.23,57.37,38.72,Black,Paddy,74.06,42.95,38.12,Urea
31.63,76.94,29.3,Sandy,Barley,12.7,15.17,26.64,Urea
27.59,52.87,62.6,Loamy,Watermelon,59.68,46.61,51.68,14-35-14
20.84,73.21,58.23,Clayey,Barley,46.0,52.59,48.8,28-28
27.53,69.38,57.38,Sandy,Wheat,25.26,12.87,15.57,Urea
24.54,80.71,44.76,Sandy,Sugarcane,12.89,12.74,10.66,10-26-26
28.81,54.55,64.94,Sandy,Paddy,14.61,16.17,17.21,Urea
31.33,69.3,46.27,Black,Watermelon,51.59,50.12,41.29,DAP
24.93,56.05,52.61,Clayey,Paddy,59.28,47.24,45.43,Urea
22.86,44.61,53.27,Red,Maize,33.21,11.49,23.19,DAP
29.65,81.85,49.68,Sandy,Tobacco,23.8,7.38,14.12,10-26-26
31.86,62.72,34.23,Black,Wheat,69.38,54.74,66.41,17-17-17
26.1,56.2,30.31,Red,Wheat,18.36,27.59,19.03,28-28
24.7,53.39,50.31,Black,Wheat,76.6,37.66,53.76,17-17-17
36.51,43.38,20.08,Loamy,Wheat,73.16,33.57,33.87,DAP
26.4,76.41,62.98,Sandy,Pulses,16.61,14.94,17.96,DAP
30.6,82.81,37.58,Sandy,Sugarcane,31.1,6.07,21.88,10-26-26
20.29,28.3,42.72,Loamy,Sugarcane,39.27,39.66,42.57,17-17-17
25.94,49.93,17.38,Sandy,Tobacco,33.23,11.06,11.79,10-26-26
32.13,53.86,48.3,Sandy,Rice,15.57,10.61,8.92,Urea
25.56,85.11,66.99,Red,Tobacco,21.84,22.68,12.2,10-26-26
32.28,42.4,38.32,Loamy,Wheat,76.23,43.18,43.49,DAP
27.78,61.4,42.55,Red,Watermelon,37.4,35.55,19.24,20-20
21.57,68.24,31.37,Black,Wheat,58.26,42.61,60.06,17-17-17
26.06,82.44,60.57,Black,Wheat,68.63,37.62,49.89,17-17-17
26.42,69.24,63.06,Black,Millets,71.06,43.82,51.97,20-20
34.09,22.27,45.42,Red,Pulses,33.65,4.05,31.22,10-26-26
28.67,45.98,45.02,Black,Wheat,83.5,50.4,29.08,17-17-17
28.31,54.63,58.26,Sandy,Millets,17.2,10.2,12.75,Urea
34.68,68.02,50.68,Clayey,Barley,66.6,57.67,46.75,28-28
20.62,54.29,40.04,Loamy,Rice,70.78,51.97,34.34,Urea
23.92,60.88,46.28,Sandy,Watermelon,17.28,11.08,10.73,17-17-17
26.31,66.3,46.41,Loamy,Barley,85.25,42.96,37.83,DAP
20.18,62.03,39.96,Black,Oil seeds,73.59,48.8,40.34,17-17-17
23.46,71.1,25.86,Sandy,Tobacco,27.37,14.01,15.31,10-26-26
32.05,58.84,46.11,Sandy,Paddy,22.49,13.26,9.69,Urea
22.62,40.31,75.32,Loamy,Rice,43.33,26.64,24.8,Urea
28.48,76.64,54.24,Clayey,Rice,43.78,33.83,28.24,Urea
23.1,60.79,50.27,Loamy,Pulses,44.53,42.17,38.31,20-20
32.88,32.22,25.78,Black,Sugarcane,62.17,41.58,44.68,Urea
33.33,66.02,39.86,Sandy,Paddy,24.4,7.72,15.54,Urea
27.82,59.97,68.52,Sandy,Millets,9.86,20.51,17.63,Urea
29.41,46.85,28.28,Clayey,Sugarcane,60.99,39.59,29.83,14-35-14
41.22,61.75,55.88,Clayey,Sugarcane,66.61,44.96,52.59,14-35-14
27.23,70.73,39.1,Red,Paddy,28.52,29.3,33.68,DAP
24.58,78.55,38.26,Red,Millets,38.23,29.72,18.72,28-28
26.85,42.62,32.18,Sandy,Barley,10.84,2.55,20.15,Urea
22.64,78.14,50.35,Black,Ground Nuts,59.66,60.35,40.98,17-17-17
31.98,72.18,41.75,Clayey,Paddy,49.3,59.72,29.6,Urea
24.72,57.75,39.48,Sandy,Cotton,2.58,14.23,18.8,14-35-14
27.22,33.19,43.36,Red,Cotton,36.48,17.09,27.17,28-28
24.98,69.58,39.72,Sandy,Barley,27.1,14.0,11.66,Urea
22.06,35.24,30.8,Red,Watermelon,29.58,20.11,8.09,20-20
25.81,73.15,55.48,Red,Tobacco,53.52,16.86,5.27,10-26-26
24.08,43.1,36.83,Red,Rice,42.64,23.54,18.52,DAP
35.16,61.41,45.0,Sandy,Watermelon,23.47,6.47,15.17,17-17-17
30.25,62.97,51.73,Loamy,Watermelon,59.27,36.84,38.55,14-35-14
31.19,86.69,58.71,Loamy,Oil seeds,89.88,48.81,30.66,10-26-26
33.8,91.02,70.68,Loamy,Watermelon,62.67,51.3,33.47,14-35-14
30.25,46.07,42.93,Red,Millets,22.14,5.69,7.48,28-28
28.52,51.22,66.96,Black,Millets,72.62,63.44,60.07,20-20
33.92,78.52,63.44,Black,Rice,89.38,30.38,49.91,Urea
25.45,62.25,55.15,Red,Ground Nuts,6.09,37.64,23.2,DAP
26.75,30.01,42.58,Clayey,Watermelon,64.55,51.93,51.99,10-26-26
25.74,81.46,51.73,Black,Rice,68.18,18.93,49.61,Urea
17.81,70.32,61.33,Clayey,Barley,51.07,60.36,30.37,28-28
33.04,50.65,52.69,Black,Rice,75.65,54.03,45.01,Urea
26.96,64.17,20.61,Loamy,Tobacco,55.58,60.05,40.78,20-20
23.91,92.94,59.63,Sandy,Millets,14.29,12.98,19.24,Urea
28.14,39.14,30.93,Loamy,Millets,50.96,45.77,42.49,DAP
31.11,64.12,36.28,Black,Cotton,74.87,58.91,61.09,DAP
32.82,46.19,47.5,Loamy,Sugarcane,19.83,31.63,59.73,17-17-17
29.26,39.95,22.37,Clayey,Pulses,55.47,42.57,56.47,14-35-14
29.11,58.79,32.2,Red,Maize,29.62,36.03,18.08,DAP
26.98,35.86,50.61,Sandy,Paddy,29.5,4.28,20.47,Urea
23.96,60.01,30.02,Sandy,Sugarcane,25.84,9.29,15.89,10-26-26
22.74,69.09,33.99,Sandy,Tobacco,21.1,22.81,9.08,10-26-26
25.67,59.72,32.32,Red,Millets,36.12,14.13,12.77,28-28
27.92,58.49,36.84,Loamy,Paddy,60.4,24.29,41.98,Urea
27.59,57.75,30.4,Sandy,Cotton,17.98,11.1,15.67,14-35-14
28.73,75.88,49.41,Loamy,Tobacco,43.71,44.79,35.87,20-20
27.76,44.08,35.18,Black,Maize,60.27,48.13,40.95,17-17-17
33.64,65.36,70.05,Red,Cotton,33.28,11.12,15.14,28-28
29.92,75.41,51.01,Loamy,Pulses,52.66,45.93,54.66,20-20
30.68,62.11,50.04,Red,Watermelon,25.05,29.04,22.86,20-20
27.02,31.86,62.45,Sandy,Sugarcane,20.55,12.16,16.37,10-26-26
32.9,50.55,57.08,Red,Cotton,29.06,25.08,15.91,28-28
38.16,46.31,40.82,Loamy,Rice,52.83,36.4,32.85,Urea
28.52,64.32,62.48,Black,Barley,62.01,65.04,39.22,17-17-17
22.8,76.33,48.14,Clayey,Maize,58.81,28.48,45.94,28-28
26.39,67.18,25.34,Clayey,Millets,41.6,53.54,61.63,17-17-17
30.53,59.4,37.47,Black,Sugarcane,70.16,40.46,49.87,Urea
25.33,41.31,46.08,Loamy,Watermelon,60.52,13.27,57.17,14-35-14
30.0,56.44,39.56,Loamy,Tobacco,43.79,47.32,47.25,20-20
36.21,63.74,51.32,Red,Millets,13.76,15.21,21.29,28-28
27.25,59.9,25.21,Black,Rice,51.97,38.75,47.39,Urea
28.15,63.21,72.77,Clayey,Wheat,64.25,51.49,31.25,14-35-14
25.21,64.89,52.13,Clayey,Watermelon,47.7,66.68,52.35,10-26-26
37.29,77.36,32.47,Red,Tobacco,20.23,14.32,5.11,10-26-26
32.1,70.75,43.96,Clayey,Wheat,48.91,46.87,46.57,14-35-14
36.12,51.27,53.44,Sandy,Ground Nuts,29.2,24.8,6.61,10-26-26
28.77,59.93,28.74,Black,Sugarcane,51.29,44.62,22.87,Urea
30.74,55.63,54.33,Sandy,Cotton,30.46,14.25,6.4,14-35-14
31.26,56.84,28.73,Red,Watermelon,5.83,33.67,23.67,20-20
18.44,56.69,24.65,Sandy,Barley,14.22,8.76,17.64,Urea
28.31,38.87,35.93,Clayey,Wheat,52.18,49.94,48.82,14-35-14
30.66,49.68,46.21,Loamy,Sugarcane,60.11,53.37,30.79,17-17-17
26.06,52.95,49.81,Red,Watermelon,28.52,19.64,10.96,20-20
21.93,90.76,44.87,Black,Tobacco,55.86,36.38,45.56,17-17-17
25.98,57.38,60.02,Sandy,Rice,33.54,9.65,1.04,Urea
25.49,67.68,36.06,Red,Barley,23.45,27.51,16.52,20-20
23.62,70.56,20.87,Loamy,Maize,69.77,47.86,32.01,20-20
33.81,65.81,22.31,Loamy,Paddy,55.85,40.83,41.99,Urea
28.98,84.98,42.32,Black,Oil seeds,65.13,59.44,55.37,17-17-17
32.84,73.63,55.66,Black,Millets,75.1,34.56,46.78,20-20
26.91,52.54,35.39,Black,Oil seeds,70.23,36.12,52.3,17-17-17
29.84,70.89,12.99,Loamy,Barley,74.45,55.25,44.85,DAP
20.24,67.93,25.47,Sandy,Maize,17.73,16.38,8.14,DAP
26.91,40.72,33.5,Red,Oil seeds,29.38,14.89,5.78,DAP
26.04,55.94,43.67,Clayey,Sugarcane,54.05,56.1,41.34,14-35-14
22.32,43.51,55.88,Black,Pulses,83.67,51.75,46.94,17-17-17
21.44,88.35,73.55,Loamy,Paddy,49.09,29.67,40.24,Urea
20.74,45.46,57.76,Clayey,Watermelon,68.91,50.41,56.76,10-26-26
33.89,79.67,57.96,Loamy,Paddy,44.01,34.97,41.26,Urea
23.95,52.85,61.2,Black,Oil seeds,61.72,58.93,66.53,17-17-17
28.73,84.89,41.51,Clayey,Ground Nuts,65.17,46.1,33.64,14-35-14
28.87,53.96,25.25,Red,Barley,40.9,30.64,27.49,20-20
34.94,93.8,38.05,Red,Sugarcane,20.81,14.5,16.0,20-20
31.24,81.46,22.69,Black,Tobacco,88.13,52.37,45.64,17-17-17
34.28,61.08,54.36,Black,Cotton,78.12,47.78,64.29,DAP
32.73,67.51,31.82,Clayey,Barley,59.47,46.68,39.49,28-28
31.4,56.56,39.88,Red,Cotton,30.82,17.98,18.99,28-28
19.06,63.42,30.32,Clayey,Oil seeds,67.5,44.56,31.99,14-35-14
23.51,50.21,36.75,Clayey,Barley,69.36,45.3,52.77,28-28
18.75,71.71,20.63,Red,Paddy,32.29,19.5,33.7,DAP
21.07,69.6,34.19,Clayey,Cotton,55.68,45.37,50.26,17-17-17
22.69,36.13,50.64,Sandy,Rice,12.52,6.64,10.19,Urea
26.64,66.06,26.58,Black,Oil seeds,70.69,56.26,41.1,17-17-17
32.32,59.02,33.21,Sandy,Millets,25.2,0.95,13.6,Urea
34.58,61.39,54.09,Loamy,Pulses,65.62,51.63,28.07,20-20
36.05,74.47,57.94,Black,Maize,55.4,67.17,59.82,17-17-17
31.42,50.39,61.36,Clayey,Oil seeds,64.9,34.51,54.24,14-35-14
32.03,52.43,46.92,Clayey,Oil seeds,59.62,64.35,60.31,14-35-14
28.1,54.18,41.66,Loamy,Wheat,55.4,20.08,25.21,DAP
22.91,62.08,67.2,Black,Oil seeds,81.9,28.65,66.2,17-17-17
30.65,70.87,66.78,Black,Oil seeds,47.58,61.28,42.87,17-17-17
28.85,61.81,55.81,Loamy,Sugarcane,55.86,46.37,46.97,17-17-17
23.5,36.4,26.68,Loamy,Millets,78.41,49.4,42.71,DAP
30.49,56.45,55.45,Red,Tobacco,33.43,17.03,20.97,10-26-26
27.4,50.47,30.55,Loamy,Barley,60.74,43.84,40.34,DAP
22.16,65.17,15.52,Loamy,Oil seeds,55.21,37.11,30.91,10-26-26
27.81,60.26,55.86,Loamy,Tobacco,68.7,14.9,34.72,20-20
25.37,44.63,52.03,Clayey,Paddy,58.33,54.47,43.7,Urea
30.79,73.86,64.9,Black,Rice,70.81,40.68,59.13,Urea
32.07,67.05,73.23,Red,Sugarcane,38.11,24.58,15.57,20-20
23.44,59.32,35.32,Loamy,Barley,54.12,34.34,47.62,DAP
30.25,44.3,53.83,Red,Maize,21.91,23.17,13.2,DAP
25.62,72.4,5.0,Clayey,Cotton,54.6,41.73,38.0,17-17-17
28.31,54.53,48.17,Loamy,Barley,57.83,28.96,34.99,DAP
24.11,71.87,24.09,Red,Tobacco,31.25,29.46,23.26,10-26-26
18.83,45.92,38.94,Clayey,Pulses,61.16,34.92,51.79,14-35-14
24.33,84.64,81.27,Loamy,Wheat,72.23,48.11,28.86,DAP
23.19,66.13,41.56,Loamy,Ground Nuts,33.92,46.16,50.3,20-20
23.42,64.84,41.06,Black,Wheat,69.41,76.04,43.29,17-17-17
25.34,67.92,48.11,Black,Millets,72.85,42.76,52.74,20-20
29.43,91.2,44.21,Sandy,Ground Nuts,15.44,7.34,15.63,10-26-26
24.39,63.12,42.52,Loamy,Sugarcane,53.82,44.68,34.96,17-17-17
22.35,48.43,31.59,Sandy,Rice,3.51,8.16,22.64,Urea
36.83,71.1,29.54,Clayey,Ground Nuts,44.22,40.09,35.07,14-35-14
33.67,66.1,28.37,Clayey,Millets,76.04,35.35,41.62,17-17-17
32.77,69.24,60.54,Sandy,Ground Nuts,27.76,9.37,7.25,10-26-26
36.03,70.35,65.59,Red,Pulses,29.0,22.67,12.02,10-26-26
26.76,32.09,51.83,Loamy,Wheat,55.13,34.77,57.8,DAP
30.79,49.96,46.79,Sandy,Paddy,19.53,17.14,22.18,Urea
28.56,65.41,52.1,Black,Watermelon,82.8,25.56,54.98,DAP
34.5,70.85,75.84,Black,Millets,71.43,29.63,45.59,20-20
24.22,63.36,15.8,Black,Wheat,57.4,45.5,40.28,17-17-17
22.47,58.0,46.4,Clayey,Millets,62.29,16.76,42.81,17-17-17
33.03,36.43,61.22,Red,Ground Nuts,16.01,23.61,7.84,DAP
26.7,46.74,55.41,Loamy,Pulses,37.94,43.06,45.86,20-20
38.87,49.27,29.4,Black,Barley,93.09,36.7,49.74,17-17-17
29.19,51.48,41.68,Red,Rice,24.36,17.15,0.0,DAP
22.04,73.79,57.57,Black,Pulses,55.8,50.07,52.71,17-17-17
32.07,55.44,48.0,Sandy,Oil seeds,8.22,5.03,23.82,20-20
22.73,74.88,56.9,Sandy,Wheat,21.09,15.04,8.86,Urea
29.72,59.54,25.33,Red,Oil seeds,42.49,10.66,12.03,DAP
24.91,35.71,54.45,Loamy,Paddy,27.93,41.74,44.31,Urea
32.12,76.63,57.07,Loamy,Sugarcane,74.5,65.14,53.03,17-17-17
29.75,63.71,46.89,Loamy,Ground Nuts,36.28,21.36,36.93,20-20
20.91,53.75,21.93,Black,Watermelon,59.89,34.99,59.38,DAP
26.39,55.89,43.64,Red,Millets,41.31,28.53,20.82,28-28
24.69,72.98,54.86,Loamy,Wheat,33.27,22.04,44.83,DAP
31.03,50.64,19.14,Loamy,Cotton,47.28,44.52,49.65,14-35-14
28.04,56.05,43.16,Loamy,Barley,64.69,48.29,15.09,DAP
20.54,83.85,52.07,Loamy,Pulses,46.31,34.26,21.24,20-20
30.0,63.43,29.89,Black,Sugarcane,74.81,59.85,55.76,Urea
22.78,77.44,42.79,Loamy,Maize,63.36,41.11,15.81,20-20
21.98,69.03,64.73,Clayey,Cotton,60.3,32.31,64.98,17-17-17
12.51,81.25,63.11,Red,Tobacco,33.35,29.13,34.72,10-26-26
23.74,48.62,30.32,Loamy,Millets,51.91,38.71,50.82,DAP
21.81,53.6,30.96,Sandy,Paddy,23.22,4.13,24.2,Urea
26.79,48.88,17.11,Red,Maize,29.8,25.29,21.47,DAP
32.11,55.79,39.05,Red,Sugarcane,28.55,29.11,9.55,20-20
23.41,58.0,37.82,Sandy,Pulses,19.5,13.87,10.73,DAP
27.8,77.52,32.06,Sandy,Maize,4.32,6.03,27.36,DAP
21.47,44.1,38.48,Loamy,Paddy,31.22,44.18,49.29,Urea
34.55,32.86,55.97,Sandy,Tobacco,11.95,10.56,26.15,10-26-26
33.81,60.16,26.06,Loamy,Millets,68.97,32.34,28.06,DAP
32.23,66.53,33.09,Clayey,Wheat,52.2,42.12,54.59,14-35-14
24.62,74.91,41.2,Red,Millets,31.85,24.56,18.02,28-28
31.56,50.01,52.96,Red,Sugarcane,35.64,11.23,5.78,20-20
26.54,54.67,34.7,Sandy,Rice,1.75,1.95,17.82,Urea
29.12,68.28,55.2,Sandy,Tobacco,17.28,5.22,18.0,10-26-26
38.75,63.92,59.7,Sandy,Maize,17.52,11.8,10.92,DAP
27.15,56.03,46.63,Black,Oil seeds,67.85,48.64,64.09,17-17-17
22.67,84.39,41.48,Black,Sugarcane,47.13,63.43,60.08,Urea
22.85,49.66,40.11,Clayey,Sugarcane,63.27,38.73,47.53,14-35-14
25.73,77.12,44.12,Sandy,Rice,28.88,13.66,10.56,Urea
25.87,55.35,56.53,Clayey,Paddy,82.56,41.97,44.74,Urea
37.16,49.0,34.95,Red,Pulses,47.3,10.69,8.18,10-26-26
34.05,58.64,67.41,Black,Ground Nuts,91.19,48.78,47.53,17-17-17
25.41,99.02,90.0,Red,Cotton,5.41,27.41,17.06,28-28
25.34,71.16,55.61,Black,Cotton,91.8,51.58,53.23,DAP
27.35,14.98,55.75,Loamy,Wheat,34.49,32.88,30.07,DAP
27.24,74.54,70.45,Red,Oil seeds,43.99,24.24,22.1,DAP
25.16,79.17,24.88,Clayey,Millets,65.92,45.24,43.23,17-17-17
28.37,52.24,36.02,Loamy,Watermelon,69.01,24.3,56.21,14-35-14
28.07,44.07,19.6,Sandy,Pulses,15.13,16.03,10.59,DAP
22.49,71.2,39.87,Loamy,Maize,50.22,54.12,34.19,20-20
30.1,58.07,36.8,Loamy,Paddy,61.61,39.61,49.4,Urea
26.24,69.47,30.6,Loamy,Ground Nuts,54.17,44.81,42.65,20-20
29.09,31.98,60.64,Clayey,Rice,38.44,43.6,35.95,Urea
33.94,47.76,27.69,Black,Rice,63.83,62.56,58.98,Urea
36.38,59.55,49.98,Red,Cotton,39.17,17.86,22.28,28-28
39.67,47.96,43.64,Loamy,Rice,69.72,45.41,23.4,Urea
23.4,69.81,51.11,Loamy,Millets,43.56,47.28,53.15,DAP
30.44,49.62,39.54,Red,Pulses,37.12,17.96,17.75,10-26-26
27.69,60.64,45.48,Red,Paddy,40.49,27.56,13.48,DAP
24.65,61.11,41.56,Black,Tobacco,80.77,42.89,47.93,17-17-17
23.85,52.99,54.06,Red,Pulses,31.77,21.93,29.84,10-26-26
23.87,46.47,46.61,Sandy,Maize,34.79,15.41,14.01,DAP
20.35,65.4,45.48,Red,Ground Nuts,30.47,3.36,8.81,DAP
32.89,56.5,39.68,Sandy,Cotton,8.3,11.45,8.71,14-35-14
30.36,36.72,40.12,Loamy,Cotton,44.38,48.36,40.92,14-35-14
25.12,49.79,42.26,Sandy,Millets,21.62,13.66,13.33,Urea
24.92,58.07,50.11,Black,Wheat,57.44,59.9,50.29,17-17-17
33.64,83.82,41.92,Loamy,Sugarcane,48.27,17.74,50.31,17-17-17
28.37,84.43,24.3,Black,Ground Nuts,66.77,65.02,57.18,17-17-17
33.07,75.04,34.56,Sandy,Wheat,22.52,7.48,18.74,Urea
26.97,86.86,49.69,Red,Sugarcane,33.66,18.62,14.27,20-20
28.33,65.11,56.05,Loamy,Wheat,68.12,35.14,34.23,DAP
35.66,66.02,43.17,Sandy,Millets,27.95,2.08,16.05,Urea
24.94,53.07,25.44,Sandy,Paddy,21.97,10.34,6.49,Urea
29.79,41.48,31.71,Red,Paddy,39.35,25.81,21.8,DAP
28.37,59.18,64.11,Red,Barley,41.29,22.76,15.63,20-20
27.97,39.93,71.48,Clayey,Paddy,72.97,40.15,37.08,Urea
29.1,58.86,39.41,Black,Rice,63.5,46.52,53.41,Urea
32.3,40.49,25.42,Loamy,Sugarcane,45.18,40.84,55.08,17-17-17
36.32,55.13,57.89,Red,Sugarcane,53.06,26.37,8.81,20-20
36.98,50.81,39.18,Clayey,Maize,62.03,60.48,29.84,28-28
26.15,55.86,66.17,Sandy,Sugarcane,18.1,17.05,12.53,10-26-26
28.6,57.81,42.74,Black,Watermelon,60.94,50.17,43.6,DAP
23.44,61.76,53.92,Loamy,Tobacco,39.94,43.91,42.98,20-20
25.35,36.86,38.15,Black,Ground Nuts,60.29,55.69,55.38,17-17-17
35.18,47.72,20.18,Loamy,Ground Nuts,65.69,40.18,42.84,20-20
32.19,70.6,43.74,Red,Barley,25.57,29.57,10.09,20-20
29.4,45.74,49.78,Sandy,Millets,27.7,15.75,13.58,Urea
28.13,63.44,72.55,Loamy,Millets,36.48,40.05,29.97,DAP
30.31,42.31,47.58,Red,Rice,27.37,27.68,17.31,DAP
32.33,52.67,35.76,Clayey,Maize,56.37,57.91,30.67,28-28
32.96,49.0,37.06,Loamy,Barley,75.22,36.52,31.84,DAP
29.04,73.05,65.18,Clayey,Wheat,73.0,55.18,45.88,14-35-14
29.28,59.91,35.25,Black,Cotton,76.51,48.28,57.6,DAP
15.34,70.6,48.75,Clayey,Oil seeds,65.27,46.48,38.62,14-35-14
22.23,58.52,43.03,Sandy,Millets,12.16,13.14,13.97,Urea
24.01,77.56,29.23,Sandy,Cotton,16.8,9.97,26.35,14-35-14
29.51,47.32,35.8,Red,Cotton,41.5,27.7,24.92,28-28
32.58,61.2,27.53,Sandy,Barley,11.49,10.96,2.38,Urea
21.09,64.32,28.47,Loamy,Maize,59.11,32.75,50.16,20-20
32.72,46.3,25.96,Clayey,Rice,80.09,29.83,45.81,Urea
29.83,61.47,31.51,Loamy,Pulses,60.05,48.91,50.02,20-20
33.03,43.09,61.92,Sandy,Millets,23.96,9.95,17.3,Urea
27.36,45.37,56.37,Clayey,Sugarcane,73.06,62.12,32.73,14-35-14
22.28,47.17,10.38,Black,Wheat,59.49,67.54,67.26,17-17-17
25.91,49.15,33.11,Black,Paddy,64.85,41.74,57.14,Urea
27.06,78.37,34.68,Sandy,Oil seeds,14.72,15.57,15.26,20-20
28.51,76.95,33.9,Red,Barley,29.15,24.17,15.69,20-20
26.17,60.0,62.26,Black,Oil seeds,66.68,45.26,54.51,17-17-17
21.16,62.84,25.15,Loamy,Pulses,63.78,33.24,23.88,20-20
22.88,44.55,33.76,Clayey,Sugarcane,66.9,37.68,19.42,14-35-14
33.17,63.65,44.58,Red,Pulses,25.52,22.28,16.68,10-26-26
21.14,59.28,69.15,Clayey,Ground Nuts,52.29,55.75,41.58,14-35-14
31.27,63.26,39.8,Sandy,Cotton,17.11,12.09,26.81,14-35-14
24.77,82.67,27.3,Clayey,Oil seeds,62.42,39.49,40.22,14-35-14
31.65,72.95,41.32,Sandy,Cotton,39.06,11.72,9.81,14-35-14
31.25,58.23,27.65,Loamy,Pulses,37.48,45.72,41.88,20-20
28.19,53.97,34.53,Clayey,Rice,55.36,22.52,38.54,Urea
31.49,60.08,13.73,Black,Maize,73.58,44.83,51.82,17-17-17
26.23,76.06,48.6,Sandy,Cotton,9.59,13.25,19.87,14-35-14
38.2,71.39,40.64,Loamy,Cotton,30.92,39.1,38.4,14-35-14
31.85,77.82,57.2,Red,Pulses,47.13,29.8,8.86,10-26-26
23.53,72.0,48.81,Clayey,Sugarcane,49.32,56.27,49.22,14-35-14
28.14,48.58,37.82,Sandy,Watermelon,24.44,14.59,23.05,17-17-17
32.32,62.82,63.35,Loamy,Tobacco,72.64,25.1,50.63,20-20
28.15,40.55,30.46,Red,Maize,48.63,15.65,27.88,DAP
31.84,83.73,47.84,Sandy,Watermelon,22.82,11.15,14.76,17-17-17
23.65,46.74,72.01,Red,Pulses,10.27,12.01,26.94,10-26-26
24.54,63.92,53.75,Clayey,Ground Nuts,72.34,50.31,55.22,14-35-14
25.07,77.39,54.65,Red,Sugarcane,28.67,25.11,14.75,20-20
27.19,60.61,29.97,Sandy,Tobacco,17.37,9.28,18.62,10-26-26
32.22,66.14,62.64,Clayey,Pulses,46.83,38.68,44.37,14-35-14
25.98,77.5,50.38,Loamy,Tobacco,60.79,28.04,60.12,20-20
24.29,27.58,48.83,Red,Wheat,27.62,27.85,21.54,28-28
26.45,50.6,12.12,Red,Watermelon,24.53,38.99,10.18,20-20
28.89,79.95,48.62,Loamy,Wheat,46.15,58.23,34.19,DAP
24.22,38.37,54.72,Black,Barley,72.45,49.24,63.13,17-17-17
27.93,47.21,31.48,Sandy,Rice,18.5,15.16,21.03,Urea
28.39,64.09,24.06,Black,Tobacco,60.61,49.87,40.98,17-17-17
30.46,73.75,58.42,Sandy,Sugarcane,5.49,24.83,20.46,10-26-26
24.42,69.7,28.38,Red,Oil seeds,21.42,22.62,16.02,DAP
23.19,62.0,74.55,Red,Oil seeds,34.57,37.28,25.05,DAP
21.92,54.97,68.33,Black,Wheat,64.76,36.53,46.3,17-17-17
24.64,59.62,62.59,Loamy,Maize,60.93,34.5,42.61,20-20
23.0,57.28,53.67,Loamy,Rice,64.15,24.26,35.46,Urea
33.86,50.22,45.02,Red,Tobacco,22.55,14.52,9.7,10-26-26
19.66,44.35,31.68,Loamy,Cotton,52.86,41.3,46.78,14-35-14
31.58,63.72,43.59,Red,Ground Nuts,49.03,33.78,17.69,DAP
23.75,64.25,79.57,Sandy,Paddy,6.41,9.06,16.89,Urea
28.28,58.23,46.85,Black,Oil seeds,82.43,49.16,28.57,17-17-17
29.97,51.28,31.57,Sandy,Rice,11.53,13.65,15.38,Urea
20.78,45.07,75.69,Red,Oil seeds,16.14,14.27,20.78,DAP
27.05,33.63,54.58,Red,Ground Nuts,36.02,19.89,28.33,DAP
27.6,50.97,46.03,Loamy,Ground Nuts,50.28,51.56,37.75,20-20
22.7,100.0,57.12,Sandy,Rice,15.23,11.23,14.56,Urea
27.91,55.16,43.75,Red,Watermelon,32.85,15.81,25.96,20-20
31.91,87.17,49.23,Black,Cotton,77.99,50.86,52.21,DAP
25.46,35.32,44.32,Red,Wheat,24.24,27.02,7.54,28-28
20.62,62.9,35.96,Black,Pulses,68.46,33.48,56.6,17-17-17
22.69,58.49,28.58,Black,Barley,74.95,46.98,59.1,17-17-17
31.13,63.73,43.36,Sandy,Maize,19.27,11.77,11.55,DAP
33.62,86.38,72.41,Clayey,Watermelon,52.69,44.8,41.36,10-26-26
27.89,59.73,21.48,Loamy,Pulses,30.99,49.43,32.3,20-20
28.82,100.0,35.09,Red,Tobacco,40.4,30.04,14.34,10-26-26
22.38,61.15,57.77,Red,Rice,19.71,14.6,16.54,DAP
32.78,51.33,49.82,Black,Maize,64.78,43.84,51.59,17-17-17
27.12,49.08,28.61,Black,Pulses,58.93,56.39,49.98,17-17-17
24.15,67.66,59.08,Black,Pulses,67.79,39.92,55.06,17-17-17
22.22,46.47,42.24,Black,Rice,80.12,47.26,57.08,Urea
19.51,64.51,56.49,Red,Cotton,27.32,16.02,19.82,28-28
31.33,72.27,58.77,Red,Cotton,23.21,10.12,12.35,28-28
22.2,67.92,33.7,Red,Ground Nuts,58.46,14.28,20.98,DAP
33.91,58.52,73.22,Red,Ground Nuts,22.37,27.57,31.09,DAP
30.81,57.21,42.26,Clayey,Barley,66.69,42.08,41.49,28-28
29.59,59.99,45.79,Clayey,Oil seeds,51.52,36.64,36.23,14-35-14
37.48,85.63,38.81,Loamy,Paddy,63.0,33.82,24.5,Urea
23.64,53.09,30.49,Red,Cotton,25.44,27.89,3.18,28-28
22.21,49.67,47.08,Black,Ground Nuts,55.06,37.2,50.01,17-17-17
25.92,55.86,51.89,Clayey,Ground Nuts,59.11,47.52,39.42,14-35-14
27.35,61.45,53.93,Sandy,Sugarcane,25.46,13.62,13.14,10-26-26
36.43,44.56,66.87,Red,Ground Nuts,24.99,32.75,21.86,DAP
27.52,71.18,41.36,Sandy,Sugarcane,22.9,6.08,11.81,10-26-26
29.15,48.45,55.33,Sandy,Tobacco,12.51,10.62,9.87,10-26-26
21.87,58.89,54.91,Loamy,Millets,93.91,48.44,56.61,DAP
33.64,59.23,46.03,Loamy,Paddy,47.89,41.22,47.18,Urea
33.84,45.7,59.93,Sandy,Barley,6.28,7.31,15.67,Urea
22.98,59.61,43.31,Clayey,Tobacco,64.66,40.69,49.51,14-35-14
17.75,79.59,76.06,Red,Millets,26.0,19.14,22.99,28-28
28.27,66.39,60.17,Clayey,Barley,46.65,58.09,53.69,28-28
22.59,64.99,20.37,Red,Ground Nuts,36.22,17.2,18.93,DAP
28.75,50.7,81.11,Sandy,Barley,12.53,13.56,11.0,Urea
21.99,53.68,17.78,Clayey,Oil seeds,55.85,70.23,45.87,14-35-14
28.02,69.09,39.09,Loamy,Maize,51.3,49.38,26.53,20-20
31.5,55.82,54.5,Loamy,Millets,65.48,38.45,33.7,DAP
35.82,76.52,42.96,Black,Watermelon,83.3,58.04,46.73,DAP
39.09,70.93,32.28,Loamy,Oil seeds,63.45,29.91,36.32,10-26-26
34.35,65.47,28.67,Sandy,Oil seeds,16.33,12.64,21.09,20-20
25.08,48.68,72.49,Sandy,Sugarcane,25.32,8.6,11.83,10-26-26
25.17,59.99,54.77,Sandy,Watermelon,37.52,19.43,15.51,17-17-17
22.89,41.72,41.32,Loamy,Rice,53.57,63.36,46.37,Urea
28.71,64.64,50.93,Black,Wheat,72.71,64.73,33.1,17-17-17
28.14,58.26,44.91,Clayey,Pulses,63.4,41.59,43.95,14-35-14
28.36,89.92,73.43,Loamy,Pulses,55.6,46.79,16.32,20-20
25.93,64.87,40.02,Clayey,Maize,57.55,38.61,47.87,28-28
27.05,58.59,54.54,Red,Watermelon,27.31,18.12,14.8,20-20
38.14,37.24,54.85,Clayey,Maize,66.36,72.22,43.74,28-28
29.35,71.41,55.22,Sandy,Millets,30.84,7.07,7.73,Urea
25.15,71.8,55.13,Sandy,Ground Nuts,16.92,19.94,8.59,10-26-26
23.82,44.55,57.43,Loamy,Watermelon,58.68,33.95,28.17,14-35-14
31.42,89.69,55.58,Red,Ground Nuts,51.33,27.57,13.61,DAP
24.49,32.34,24.39,Black,Sugarcane,64.46,50.16,58.84,Urea
27.71,48.69,32.08,Loamy,Tobacco,57.46,44.11,50.44,20-20
31.53,48.11,32.24,Loamy,Cotton,49.28,50.25,33.83,14-35-14
25.94,28.82,43.45,Red,Rice,36.51,20.24,8.2,DAP
28.57,34.88,31.56,Loamy,Sugarcane,57.32,49.2,31.81,17-17-17
24.84,68.95,35.49,Red,Tobacco,21.66,7.66,26.11,10-26-26
28.79,68.69,23.36,Sandy,Sugarcane,35.55,11.64,14.58,10-26-26
31.12,60.2,45.92,Black,Cotton,71.72,58.62,59.78,DAP
32.45,51.11,18.57,Red,Tobacco,31.32,34.52,28.32,10-26-26
30.81,71.47,30.29,Black,Sugarcane,65.38,70.14,31.32,Urea
32.68,89.73,57.82,Red,Maize,29.74,18.5,20.49,DAP
31.22,70.41,40.77,Red,Watermelon,27.83,22.85,18.26,20-20
26.81,64.03,48.76,Sandy,Sugarcane,15.62,9.85,7.49,10-26-26
21.55,63.62,48.72,Red,Sugarcane,32.55,17.48,22.94,20-20
32.42,15.67,85.62,Black,Tobacco,51.81,58.3,46.28,17-17-17
29.2,73.18,46.3,Loamy,Tobacco,61.53,33.24,41.14,20-20
24.08,78.12,48.67,Clayey,Watermelon,62.08,34.63,41.01,10-26-26
24.16,65.19,60.28,Black,Pulses,70.33,64.23,62.82,17-17-17
32.22,48.26,42.6,Sandy,Pulses,19.88,7.78,2.65,DAP
27.15,46.0,25.68,Red,Barley,15.13,19.08,12.89,20-20
38.93,62.17,59.42,Loamy,Paddy,50.72,22.74,58.15,Urea
26.67,58.81,36.15,Sandy,Ground Nuts,16.51,8.98,23.41,10-26-26
34.17,66.49,47.02,Clayey,Maize,80.52,42.28,36.48,28-28
16.95,27.52,49.57,Red,Millets,31.04,31.48,15.37,28-28
26.13,33.55,41.54,Clayey,Watermelon,62.14,46.1,55.94,10-26-26
27.4,84.44,42.03,Sandy,Maize,26.52,9.64,16.01,DAP
32.99,80.58,54.11,Loamy,Wheat,56.71,47.42,45.75,DAP
21.67,62.86,39.31,Clayey,Tobacco,55.78,34.26,50.17,14-35-14
24.19,55.87,36.5,Clayey,Pulses,62.8,41.55,55.59,14-35-14
30.23,59.97,44.83,Loamy,Barley,55.96,49.08,56.0,DAP
20.67,57.2,56.29,Sandy,Oil seeds,12.04,24.24,14.87,20-20
22.01,71.85,51.47,Black,Tobacco,76.15,50.28,55.43,17-17-17
26.74,55.62,21.55,Red,Pulses,31.23,22.58,33.0,10-26-26
33.05,76.65,46.65,Black,Wheat,50.73,49.24,55.76,17-17-17
27.83,54.91,62.5,Clayey,Maize,27.25,57.09,36.82,28-28
27.26,53.01,21.08,Black,Watermelon,71.69,53.23,32.32,DAP
44.69,35.7,60.3,Sandy,Tobacco,14.83,16.75,7.11,10-26-26
30.15,64.95,21.75,Red,Maize,50.56,24.84,34.51,DAP
21.1,100.0,49.36,Red,Maize,35.3,24.35,16.4,DAP
29.03,49.81,49.36,Black,Maize,51.97,37.51,48.0,17-17-17
26.66,58.66,52.52,Sandy,Barley,17.92,19.78,22.06,Urea
26.72,55.41,56.02,Black,Watermelon,49.5,58.93,76.38,DAP
28.91,65.59,25.44,Black,Pulses,83.16,44.26,55.66,17-17-17
22.58,74.77,38.41,Red,Wheat,22.01,19.88,17.68,28-28
30.14,58.79,59.18,Loamy,Cotton,54.45,34.55,53.0,14-35-14
27.03,57.17,51.49,Clayey,Tobacco,63.35,48.99,56.36,14-35-14
31.41,56.88,66.24,Loamy,Rice,61.26,29.99,30.56,Urea
28.26,60.2,32.96,Red,Pulses,26.72,29.48,15.72,10-26-26
30.61,52.71,80.53,Loamy,Sugarcane,40.83,63.81,40.3,17-17-17
21.05,54.25,53.13,Sandy,Maize,15.03,12.1,20.17,DAP
33.82,45.53,42.52,Clayey,Watermelon,77.85,51.25,49.03,10-26-26
25.88,68.09,30.01,Loamy,Cotton,63.1,35.43,41.4,14-35-14
28.54,40.82,26.61,Sandy,Maize,16.28,17.86,23.54,DAP
30.25,70.41,33.34,Red,Cotton,46.99,26.89,20.82,28-28
28.6,57.97,58.69,Clayey,Barley,60.76,48.83,36.57,28-28
24.03,74.29,37.95,Clayey,Pulses,69.05,44.14,33.57,14-35-14
32.78,48.87,14.65,Clayey,Watermelon,56.78,41.78,29.67,10-26-26
29.11,50.94,21.47,Red,Watermelon,13.86,18.99,39.43,20-20
31.15,57.45,37.69,Clayey,Paddy,54.99,57.49,49.14,Urea
33.62,53.69,66.3,Sandy,Watermelon,24.37,6.52,25.93,17-17-17
24.87,65.03,36.15,Loamy,Wheat,41.46,39.47,30.16,DAP
29.44,75.37,72.03,Red,Oil seeds,36.9,2.37,9.6,DAP
34.53,61.24,52.03,Black,Rice,85.76,58.95,44.97,Urea
27.29,78.97,40.18,Clayey,Watermelon,60.8,50.2,43.57,10-26-26
22.56,62.66,57.69,Loamy,Sugarcane,46.19,27.18,47.82,17-17-17
28.54,57.87,26.11,Sandy,Watermelon,19.29,5.57,15.79,17-17-17
19.25,71.63,24.07,Sandy,Oil seeds,9.68,12.67,4.2,20-20
29.17,76.84,19.74,Black,Cotton,31.46,67.28,42.09,DAP
26.94,49.65,55.24,Sandy,Millets,14.59,14.75,27.12,Urea
35.97,59.51,59.13,Black,Cotton,77.88,52.26,46.65,DAP
23.06,43.68,53.41,Loamy,Tobacco,33.46,52.92,49.41,20-20
29.74,38.84,27.38,Red,Tobacco,41.99,9.97,4.5,10-26-26
27.82,68.34,50.41,Red,Barley,22.93,20.23,19.67,20-20
32.58,70.06,39.14,Red,Cotton,34.31,34.68,29.5,28-28
27.75,99.31,28.32,Black,Wheat,70.46,47.0,35.51,17-17-17
25.03,42.88,50.14,Black,Tobacco,56.75,44.01,63.75,17-17-17
32.94,76.32,33.02,Clayey,Tobacco,55.58,38.73,39.81,14-35-14
28.37,40.19,39.78,Black,Paddy,82.87,37.34,56.26,Urea
29.9,66.5,83.21,Sandy,Millets,20.61,0.0,18.24,Urea
22.91,65.42,39.61,Black,Watermelon,97.25,60.5,50.54,DAP
31.44,55.23,31.13,Clayey,Maize,59.04,48.34,46.43,28-28
23.09,38.69,66.22,Sandy,Barley,26.97,12.1,24.68,Urea
29.32,52.21,48.9,Black,Ground Nuts,72.87,50.71,60.94,17-17-17
15.55,44.6,64.36,Black,Oil seeds,76.31,48.48,51.52,17-17-17
22.39,46.31,55.44,Sandy,Paddy,29.22,16.95,2.93,Urea
28.85,63.91,66.37,Red,Maize,26.31,27.98,13.68,DAP
32.54,52.01,33.31,Sandy,Pulses,20.81,6.75,6.82,DAP
27.9,66.34,23.2,Black,Maize,79.99,42.63,49.53,17-17-17
25.73,70.45,59.33,Black,Millets,60.18,48.3,49.97,20-20
30.62,71.82,39.86,Clayey,Oil seeds,67.53,57.78,52.83,14-35-14
27.15,54.05,53.07,Clayey,Pulses,64.61,42.77,57.3,14-35-14
27.87,34.86,44.95,Clayey,Barley,79.63,38.56,38.09,28-28
21.53,52.33,33.07,Sandy,Rice,2.07,15.46,25.73,Urea
22.22,24.03,23.87,Sandy,Barley,39.35,18.23,14.81,Urea
21.23,56.97,81.33,Black,Cotton,79.31,39.92,28.76,DAP
29.81,74.17,28.57,Loamy,Tobacco,42.54,38.3,23.45,20-20
27.76,55.63,59.85,Loamy,Millets,62.72,34.3,42.56,DAP
21.68,44.77,64.59,Black,Maize,73.64,58.19,45.18,17-17-17
31.51,61.13,53.68,Red,Maize,23.53,24.02,9.11,DAP
27.06,73.91,29.32,Clayey,Sugarcane,38.97,45.62,50.06,14-35-14
26.95,49.96,60.6,Black,Oil seeds,53.54,64.71,33.86,17-17-17
26.62,64.81,46.26,Clayey,Tobacco,59.99,46.35,56.07,14-35-14
26.41,60.35,68.19,Red,Wheat,39.17,12.2,20.4,28-28
33.18,58.91,32.25,Black,Wheat,73.38,43.3,35.7,17-17-17
24.67,49.86,55.41,Clayey,Wheat,61.61,74.38,44.82,14-35-14
30.33,62.65,42.79,Sandy,Pulses,15.13,16.62,12.8,DAP
35.9,43.1,56.2,Clayey,Oil seeds,69.53,29.64,59.89,14-35-14
23.86,49.22,34.28,Clayey,Ground Nuts,54.35,58.33,23.23,14-35-14
23.53,59.18,44.3,Clayey,Pulses,63.56,32.38,47.49,14-35-14
24.89,74.07,30.61,Black,Sugarcane,40.38,59.45,55.55,Urea
39.99,67.23,55.86,Clayey,Millets,50.31,53.99,53.44,17-17-17
25.93,67.66,69.08,Loamy,Maize,54.68,54.15,22.79,20-20
27.14,36.1,55.14,Red,Paddy,33.4,15.43,21.55,DAP
28.2,35.87,48.66,Loamy,Oil seeds,55.72,39.27,38.67,10-26-26
24.1,44.34,50.69,Loamy,Rice,79.59,23.88,37.14,Urea
35.26,46.26,32.45,Loamy,Sugarcane,66.2,50.65,37.77,17-17-17
29.27,62.45,82.21,Clayey,Maize,52.37,37.12,43.38,28-28
27.53,43.03,22.96,Sandy,Pulses,16.51,10.59,7.0,DAP
24.64,68.68,11.94,Loamy,Pulses,64.85,40.15,21.04,20-20
22.21,82.55,58.16,Red,Wheat,20.33,19.97,19.62,28-28
22.28,70.29,50.21,Clayey,Oil seeds,59.31,39.53,37.13,14-35-14
22.96,49.2,58.59,Clayey,Tobacco,48.25,34.59,38.74,14-35-14
13.21,47.88,59.78,Sandy,Millets,15.53,12.88,16.78,Urea
39.29,52.0,40.95,Sandy,Ground Nuts,11.12,7.42,16.63,10-26-26
31.21,48.19,30.33,Black,Millets,57.07,56.23,53.43,20-20
32.4,45.9,64.38,Loamy,Oil seeds,65.12,25.34,35.22,10-26-26
24.39,65.53,45.95,Sandy,Oil seeds,25.81,16.54,23.96,20-20
24.49,69.37,49.99,Loamy,Millets,52.05,61.79,31.43,DAP
25.24,100.0,56.41,Sandy,Pulses,5.51,17.48,20.47,DAP
30.08,59.19,30.27,Clayey,Watermelon,80.86,41.39,34.85,10-26-26
36.51,73.09,38.43,Black,Oil seeds,84.39,50.28,58.46,17-17-17
23.96,44.9,53.99,Red,Watermelon,38.36,12.2,23.81,20-20
25.67,53.32,36.51,Clayey,Pulses,48.87,49.49,33.87,14-35-14
31.11,48.64,41.43,Sandy,Ground Nuts,28.46,20.16,16.19,10-26-26
26.03,76.94,53.36,Black,Watermelon,58.88,51.56,60.06,DAP
20.09,61.86,35.65,Black,Rice,89.28,45.62,38.6,Urea
21.15,54.54,34.27,Loamy,Sugarcane,74.5,38.35,40.14,17-17-17
26.28,59.58,39.43,Loamy,Maize,48.76,29.94,37.29,20-20
30.64,93.8,64.28,Black,Cotton,68.73,62.31,47.08,DAP
32.98,74.94,63.01,Sandy,Oil seeds,24.4,5.83,17.71,20-20
15.94,76.15,42.87,Clayey,Barley,53.29,38.93,43.71,28-28
26.04,73.06,48.69,Clayey,Oil seeds,53.14,35.23,45.67,14-35-14
20.8,32.4,69.15,Black,Cotton,68.99,57.83,43.28,DAP
34.17,67.26,49.17,Red,Ground Nuts,27.63,23.88,19.92,DAP
22.13,58.32,47.93,Black,Watermelon,63.33,59.19,58.82,DAP
25.08,74.47,56.87,Clayey,Tobacco,58.58,62.73,57.61,14-35-14
21.49,59.71,14.47,Clayey,Sugarcane,53.35,36.71,58.45,14-35-14
29.53,61.39,63.64,Loamy,Barley,64.72,41.02,42.31,DAP
30.12,62.62,49.13,Red,Wheat,29.13,23.43,31.31,28-28
23.06,47.3,63.74,Sandy,Pulses,30.96,13.42,19.17,DAP
24.49,47.29,43.73,Black,Maize,67.17,43.0,44.51,17-17-17
24.44,46.03,38.79,Clayey,Watermelon,52.39,36.26,55.72,10-26-26
29.34,47.41,39.47,Clayey,Watermelon,64.99,49.41,41.6,10-26-26
24.07,82.52,51.18,Black,Maize,79.06,50.94,48.59,17-17-17
39.67,78.29,57.41,Black,Barley,64.52,59.75,58.98,17-17-17
32.65,53.52,72.11,Clayey,Paddy,57.2,40.98,40.09,Urea
20.58,81.78,30.79,Clayey,Pulses,61.86,47.24,57.96,14-35-14
22.12,36.13,43.5,Loamy,Sugarcane,71.98,42.85,19.21,17-17-17
26.57,45.82,18.17,Sandy,Paddy,25.88,13.28,9.98,Urea
34.65,73.42,51.86,Red,Watermelon,42.2,36.31,18.87,20-20
20.4,61.98,40.23,Loamy,Tobacco,51.26,36.08,44.82,20-20
24.88,51.91,19.88,Black,Pulses,73.03,39.33,65.98,17-17-17
31.83,62.69,18.22,Sandy,Barley,15.33,9.27,23.46,Urea
24.65,53.73,47.94,Sandy,Paddy,30.71,5.22,16.3,Urea
22.25,56.07,47.99,Black,Ground Nuts,86.85,60.19,66.63,17-17-17
33.72,89.7,43.64,Loamy,Paddy,49.05,53.05,49.75,Urea
33.78,79.04,26.32,Loamy,Wheat,49.45,27.23,43.88,DAP
34.62,58.49,46.83,Loamy,Paddy,34.05,53.37,39.71,Urea
26.32,65.61,55.53,Loamy,Rice,54.86,48.96,31.68,Urea
32.67,39.5,41.63,Red,Cotton,39.5,0.0,8.12,28-28
35.76,60.08,32.48,Loamy,Watermelon,38.53,47.73,50.26,14-35-14
25.64,61.95,60.3,Sandy,Paddy,29.37,6.93,19.08,Urea
26.45,76.73,66.14,Clayey,Pulses,57.11,24.21,45.15,14-35-14
25.47,52.17,64.33,Black,Watermelon,62.86,49.8,51.93,DAP
36.95,60.19,40.39,Loamy,Oil seeds,53.21,35.6,14.34,10-26-26
32.09,50.0,24.11,Black,Wheat,92.1,50.36,34.1,17-17-17
25.45,77.42,51.4,Red,Tobacco,36.34,22.98,19.36,10-26-26
36.79,74.92,34.79,Clayey,Wheat,53.41,26.68,52.04,14-35-14
29.2,41.7,78.43,Black,Wheat,64.2,41.73,56.0,17-17-17
33.47,54.69,54.98,Red,Oil seeds,38.96,28.73,28.38,DAP
31.54,73.97,58.54,Sandy,Watermelon,21.07,3.06,14.91,17-17-17
24.58,59.59,52.87,Sandy,Watermelon,12.61,9.23,2.4,17-17-17
26.37,56.06,48.47,Black,Barley,81.52,67.41,53.0,17-17-17
20.47,54.74,13.14,Loamy,Sugarcane,32.09,54.45,37.62,17-17-17
21.43,63.29,37.87,Red,Wheat,21.93,16.52,33.42,28-28
30.31,41.26,75.92,Black,Paddy,72.54,32.1,39.13,Urea
25.5,41.13,30.45,Sandy,Oil seeds,13.61,8.61,13.95,20-20
20.24,74.55,59.4,Red,Ground Nuts,51.08,11.9,11.6,DAP
24.34,43.87,38.7,Red,Maize,33.98,13.31,41.41,DAP
35.74,69.26,62.64,Loamy,Oil seeds,56.66,33.0,58.16,10-26-26
35.14,62.53,32.49,Clayey,Rice,62.03,46.22,34.21,Urea
31.7,54.32,47.68,Red,Barley,17.58,24.44,28.25,20-20
17.6,60.01,57.48,Clayey,Ground Nuts,60.56,36.99,59.57,14-35-14
37.95,67.95,51.18,Clayey,Millets,55.12,32.38,38.11,17-17-17
33.78,79.98,46.2,Red,Oil seeds,41.96,34.33,16.3,DAP
31.43,55.13,76.46,Sandy,Sugarcane,18.55,19.44,13.55,10-26-26
30.25,73.82,37.8,Black,Tobacco,50.17,55.45,59.67,17-17-17
31.4,42.66,42.84,Black,Paddy,68.97,72.17,38.87,Urea
22.0,64.7,47.04,Red,Oil seeds,32.55,16.0,17.83,DAP
25.65,66.76,37.13,Sandy,Oil seeds,19.87,9.68,1.75,20-20
28.75,64.08,45.0,Sandy,Millets,30.8,10.31,14.0,Urea
32.99,63.3,37.14,Sandy,Rice,29.48,13.19,9.12,Urea
26.35,87.98,29.64,Sandy,Cotton,24.19,4.83,18.31,14-35-14
34.19,46.48,37.56,Loamy,Ground Nuts,52.85,45.1,39.05,20-20
22.69,48.47,45.38,Red,Pulses,31.9,23.14,29.58,10-26-26
35.61,40.88,54.39,Black,Paddy,60.76,59.37,44.4,Urea
29.89,71.72,38.62,Clayey,Millets,50.19,49.63,54.51,17-17-17
27.38,41.52,47.18,Black,Ground Nuts,68.47,32.45,55.55,17-17-17
29.34,81.89,19.72,Clayey,Barley,72.25,29.63,61.23,28-28
31.33,56.1,34.3,Clayey,Paddy,65.4,37.53,33.24,Urea
32.22,81.35,15.89,Red,Paddy,35.02,15.6,11.92,DAP
34.41,71.62,57.95,Black,Watermelon,76.94,57.61,53.92,DAP
27.59,68.87,42.16,Loamy,Barley,48.81,50.11,40.27,DAP
22.54,53.47,54.37,Loamy,Ground Nuts,50.18,45.57,43.65,20-20
30.04,68.25,61.96,Clayey,Watermelon,59.44,52.69,34.33,10-26-26
24.33,62.38,34.77,Clayey,Millets,61.92,62.25,49.18,17-17-17
29.07,40.29,50.3,Black,Barley,84.98,55.12,51.59,17-17-17
28.77,68.22,45.98,Red,Watermelon,28.38,24.56,21.2,20-20
29.48,38.18,68.16,Sandy,Sugarcane,27.73,14.93,10.07,10-26-26
23.45,77.06,25.73,Sandy,Cotton,29.82,9.39,17.12,14-35-14
31.77,100.0,31.52,Sandy,Rice,4.28,10.88,20.28,Urea
21.08,43.68,44.51,Loamy,Oil seeds,59.45,35.12,57.6,10-26-26
28.93,90.96,39.0,Sandy,Wheat,28.62,9.86,8.4,Urea
22.22,59.65,34.07,Sandy,Oil seeds,30.73,4.46,10.84,20-20
29.63,62.69,72.31,Red,Cotton,5.84,33.0,15.74,28-28
24.99,68.32,56.79,Sandy,Barley,12.75,13.71,24.93,Urea
28.0,52.26,35.86,Loamy,Oil seeds,59.97,43.27,42.84,10-26-26
21.24,58.17,48.6,Loamy,Watermelon,36.2,37.9,56.1,14-35-14
37.15,64.79,53.65,Black,Watermelon,67.25,44.17,38.81,DAP
34.73,92.33,55.08,Red,Tobacco,39.72,17.31,19.75,10-26-26
33.12,36.41,42.44,Red,Rice,39.37,14.55,23.48,DAP
22.34,48.16,52.7,Black,Millets,50.74,41.85,48.82,20-20
31.99,60.96,63.9,Sandy,Paddy,15.57,18.27,15.41,Urea
17.72,50.87,45.12,Red,Watermelon,34.65,10.69,18.52,20-20
25.67,49.88,33.42,Loamy,Paddy,24.0,53.2,36.59,Urea
32.05,60.47,37.73,Black,Wheat,70.69,70.43,45.64,17-17-17
33.38,64.24,53.67,Sandy,Wheat,18.84,14.2,14.53,Urea
27.53,35.72,68.19,Sandy,Paddy,28.38,12.08,13.23,Urea
32.35,71.31,52.62,Clayey,Oil seeds,43.94,37.4,44.24,14-35-14
27.83,69.49,74.78,Loamy,Watermelon,52.2,26.35,54.64,14-35-14
37.44,66.94,44.57,Loamy,Maize,57.61,34.76,23.96,20-20
24.49,43.24,29.4,Clayey,Sugarcane,46.22,54.34,64.01,14-35-14
35.92,62.7,53.41,Red,Pulses,35.77,8.5,7.26,10-26-26
23.04,75.92,26.48,Black,Ground Nuts,68.97,38.94,51.13,17-17-17
27.38,59.98,38.33,Loamy,Millets,48.15,39.55,34.51,DAP
28.42,49.09,46.83,Black,Rice,67.8,57.91,64.02,Urea
23.77,62.44,32.13,Black,Oil seeds,93.69,53.46,36.65,17-17-17
32.08,53.87,57.92,Black,Cotton,91.57,36.75,36.92,DAP
26.96,69.43,25.96,Loamy,Sugarcane,54.92,46.18,55.62,17-17-17
26.68,51.64,45.21,Clayey,Millets,54.86,38.63,44.49,17-17-17
24.5,88.71,38.55,Loamy,Maize,39.3,27.81,22.05,20-20
36.65,47.82,60.37,Red,Pulses,21.13,29.15,24.34,10-26-26
28.2,32.1,35.92,Clayey,Cotton,47.01,34.02,41.26,17-17-17
31.03,40.6,48.51,Sandy,Barley,22.42,5.79,5.04,Urea
23.86,79.77,49.03,Clayey,Sugarcane,59.45,35.63,43.56,14-35-14
25.31,65.6,64.81,Black,Paddy,71.14,51.24,44.82,Urea
32.38,74.46,40.42,Clayey,Tobacco,58.43,60.91,32.9,14-35-14
28.92,64.23,68.53,Black,Tobacco,61.61,56.55,62.52,17-17-17
34.28,73.72,45.57,Red,Cotton,60.97,21.14,20.23,28-28
20.92,66.06,53.02,Sandy,Cotton,19.86,9.77,12.25,14-35-14
28.27,72.89,40.59,Sandy,Ground Nuts,27.02,8.23,10.23,10-26-26
23.02,33.83,52.45,Clayey,Millets,60.78,61.29,52.65,17-17-17
23.06,71.26,39.26,Clayey,Cotton,60.25,51.71,44.21,17-17-17
25.15,68.41,41.2,Sandy,Pulses,12.82,14.52,21.47,DAP
23.66,82.38,16.84,Loamy,Watermelon,69.58,24.12,59.01,14-35-14
16.38,79.64,28.39,Loamy,Maize,64.07,32.63,26.8,20-20
25.53,79.12,11.23,Loamy,Rice,43.59,49.56,21.83,Urea
32.17,51.63,56.89,Loamy,Barley,33.91,29.98,47.62,DAP
25.24,49.55,48.84,Clayey,Wheat,63.62,67.83,43.39,14-35-14
20.92,65.48,48.67,Loamy,Wheat,56.49,42.17,55.98,DAP
32.66,38.72,18.59,Black,Maize,90.72,52.25,46.0,17-17-17
32.12,83.3,45.6,Clayey,Millets,54.25,30.71,47.53,17-17-17
36.1,75.63,67.07,Loamy,Cotton,57.55,33.89,49.49,14-35-14
20.02,82.87,38.6,Red,Millets,16.19,18.23,25.22,28-28
29.3,58.88,31.28,Red,Ground Nuts,17.97,5.69,18.52,DAP
33.24,63.04,34.1,Loamy,Sugarcane,45.09,40.3,43.92,17-17-17
32.88,39.97,48.44,Sandy,Cotton,5.38,13.37,16.01,14-35-14
30.52,48.7,55.05,Clayey,Watermelon,66.78,51.61,48.1,10-26-26
24.03,90.31,45.9,Black,Paddy,76.23,55.46,40.23,Urea
22.05,78.74,40.5,Red,Tobacco,43.11,17.39,25.56,10-26-26
30.54,82.03,48.76,Loamy,Tobacco,40.26,35.16,27.95,20-20
27.64,59.96,64.29,Red,Paddy,34.77,25.95,28.25,DAP
30.81,45.18,73.65,Clayey,Oil seeds,59.32,43.6,28.0,14-35-14
30.3,76.27,52.35,Black,Maize,78.67,72.4,41.38,17-17-17
27.48,63.98,36.26,Black,Rice,80.21,53.9,48.63,Urea
13.42,40.37,39.33,Black,Watermelon,54.48,56.95,54.57,DAP
35.8,48.85,37.11,Black,Tobacco,93.05,34.65,55.33,17-17-17
22.38,83.36,37.66,Red,Barley,50.17,10.31,22.31,20-20
33.49,68.49,57.57,Sandy,Paddy,15.32,13.8,18.32,Urea
31.26,60.68,56.13,Black,Wheat,92.19,42.21,54.99,17-17-17
32.39,53.31,31.98,Sandy,Wheat,17.95,5.79,13.15,Urea
30.47,74.42,17.63,Clayey,Wheat,47.39,45.61,36.35,14-35-14
27.52,91.51,18.61,Sandy,Watermelon,22.05,18.77,19.25,17-17-17
27.63,54.92,68.6,Black,Millets,63.01,42.86,53.97,20-20
30.64,53.4,30.4,Red,Pulses,38.09,17.07,25.52,10-26-26
30.89,86.24,43.74,Loamy,Rice,71.62,36.88,34.46,Urea
33.31,53.19,54.49,Black,Millets,79.8,62.86,56.19,20-20
30.13,73.34,60.42,Sandy,Maize,25.23,9.33,15.89,DAP
26.27,70.93,42.38,Loamy,Sugarcane,56.2,35.36,41.46,17-17-17
27.45,69.43,54.63,Loamy,Millets,51.02,47.22,44.07,DAP
33.72,65.08,38.77,Clayey,Rice,62.36,30.21,52.71,Urea
28.78,47.56,35.3,Black,Tobacco,91.83,52.18,59.67,17-17-17
23.31,63.25,29.61,Red,Watermelon,18.47,22.71,29.1,20-20
26.82,79.95,43.19,Loamy,Paddy,63.68,63.45,32.08,Urea
21.6,67.73,32.49,Red,Tobacco,35.38,17.76,23.43,10-26-26
34.36,51.1,57.49,Black,Sugarcane,78.77,51.52,36.79,Urea
22.79,50.83,40.94,Red,Barley,14.92,7.08,16.76,20-20
35.65,58.21,42.97,Sandy,Sugarcane,21.12,11.85,19.35,10-26-26
29.9,55.68,26.65,Clayey,Rice,53.36,57.88,58.78,Urea
29.95,56.44,90.0,Black,Rice,75.47,51.37,51.69,Urea
41.19,57.58,24.38,Loamy,Wheat,75.98,37.66,36.09,DAP
32.28,45.52,50.39,Black,Barley,66.82,63.07,62.08,17-17-17
28.26,41.98,18.56,Clayey,Paddy,80.79,56.35,42.47,Urea
25.94,50.72,10.05,Black,Sugarcane,80.8,52.85,43.86,Urea
28.55,50.28,36.14,Black,Maize,72.46,62.9,44.62,17-17-17
33.98,82.74,22.39,Red,Pulses,34.89,20.0,20.44,10-26-26
25.98,46.52,43.87,Loamy,Watermelon,56.72,41.95,36.12,14-35-14
32.68,43.01,38.9,Loamy,Cotton,43.06,42.07,44.22,14-35-14
22.74,71.99,36.2,Sandy,Cotton,10.59,8.89,18.77,14-35-14
28.38,45.13,42.72,Sandy,Oil seeds,20.69,7.58,14.29,20-20
32.69,61.29,12.67,Black,Barley,72.04,47.89,60.61,17-17-17
28.87,73.19,42.72,Black,Ground Nuts,48.11,48.18,42.38,17-17-17
18.71,69.85,41.29,Black,Paddy,83.21,41.7,68.04,Urea
23.07,47.74,58.36,Red,Ground Nuts,34.6,12.01,33.8,DAP
31.44,53.77,47.62,Loamy,Barley,59.62,21.21,32.49,DAP
25.96,57.26,35.71,Loamy,Millets,54.82,57.86,58.14,DAP
26.18,55.67,35.14,Loamy,Cotton,48.11,35.04,49.15,14-35-14
27.85,46.97,33.99,Black,Oil seeds,83.72,60.82,46.13,17-17-17
34.19,71.06,36.19,Loamy,Maize,60.84,50.26,40.93,20-20
23.58,77.07,43.21,Loamy,Cotton,47.67,35.43,40.9,14-35-14
27.68,82.99,62.53,Red,Rice,12.78,15.13,27.6,DAP
24.93,38.32,23.8,Red,Millets,33.45,14.06,11.17,28-28
32.73,70.02,38.1,Clayey,Tobacco,65.59,48.24,34.46,14-35-14
26.83,59.68,44.57,Red,Millets,22.84,16.86,18.05,28-28
20.64,53.22,50.21,Clayey,Oil seeds,69.14,30.5,46.91,14-35-14
33.48,69.38,47.56,Red,Oil seeds,27.4,21.83,31.95,DAP
28.53,54.27,49.0,Sandy,Rice,16.32,9.79,19.41,Urea
33.47,41.13,21.57,Sandy,Oil seeds,28.46,17.24,0.4,20-20
26.21,73.36,53.63,Red,Sugarcane,27.06,7.86,19.43,20-20
31.49,46.49,42.29,Black,Barley,75.35,51.4,55.58,17-17-17
34.81,47.47,41.34,Sandy,Oil seeds,33.67,9.37,13.94,20-20
30.2,53.09,49.69,Loamy,Barley,63.18,36.72,50.43,DAP
13.26,81.82,10.34,Red,Ground Nuts,13.88,19.28,40.48,DAP
18.92,49.98,40.99,Sandy,Barley,33.45,9.65,11.43,Urea
21.18,61.25,50.62,Loamy,Watermelon,41.77,45.74,33.93,14-35-14
26.71,54.74,25.13,Loamy,Watermelon,52.22,37.55,38.36,14-35-14
15.85,74.68,29.9,Sandy,Pulses,23.17,7.99,7.12,DAP
34.63,57.5,30.43,Loamy,Tobacco,57.61,36.86,49.08,20-20
21.49,67.79,25.97,Sandy,Oil seeds,23.81,10.21,12.67,20-20
35.2,42.74,38.18,Sandy,Watermelon,18.18,2.6,20.74,17-17-17
22.19,63.03,27.56,Red,Paddy,22.34,29.15,10.73,DAP
34.84,46.36,68.94,Loamy,Ground Nuts,41.71,58.93,43.8,20-20
22.81,57.57,31.24,Red,Watermelon,27.44,15.84,5.88,20-20
25.3,46.01,35.58,Clayey,Sugarcane,78.18,41.8,46.92,14-35-14
25.17,54.51,64.89,Red,Wheat,53.94,14.83,19.84,28-28
29.67,75.56,37.35,Sandy,Barley,20.57,14.39,12.13,Urea
34.21,83.18,56.63,Black,Maize,55.34,61.4,59.66,17-17-17
26.79,69.37,59.38,Red,Millets,37.84,5.1,13.24,28-28
24.4,79.53,36.86,Red,Sugarcane,31.35,30.16,27.41,20-20
24.31,58.2,57.75,Black,Wheat,81.91,56.31,38.7,17-17-17
35.4,65.66,41.71,Sandy,Rice,27.32,14.09,22.58,Urea
27.82,44.36,63.4,Black,Oil seeds,63.56,44.05,57.16,17-17-17
32.13,74.41,15.17,Red,Maize,40.67,17.28,18.84,DAP
31.03,70.38,37.69,Black,Maize,70.59,65.69,40.67,17-17-17
21.33,63.08,38.18,Loamy,Pulses,54.0,46.22,23.19,20-20
34.41,78.25,47.33,Clayey,Tobacco,66.97,33.43,41.52,14-35-14
29.14,52.74,27.5,Loamy,Wheat,56.31,48.42,35.41,DAP
26.72,54.82,29.39,Sandy,Ground Nuts,29.03,13.05,0.32,10-26-26
25.59,65.96,40.62,Clayey,Ground Nuts,70.6,44.41,31.91,14-35-14
33.51,57.5,37.95,Sandy,Wheat,24.59,6.67,19.37,Urea
22.4,78.15,25.11,Red,Rice,23.98,6.53,23.98,DAP
24.47,61.77,40.9,Loamy,Rice,48.25,32.67,37.34,Urea
24.05,83.42,57.47,Red,Sugarcane,12.56,4.72,25.68,20-20
30.1,91.19,31.94,Sandy,Oil seeds,25.77,1.31,19.82,20-20
28.09,60.67,48.29,Loamy,Cotton,65.97,44.25,39.73,14-35-14
38.42,83.37,38.17,Clayey,Barley,40.75,55.67,43.2,28-28
22.33,84.7,42.33,Clayey,Wheat,68.42,48.08,52.75,14-35-14
28.53,72.1,45.05,Loamy,Oil seeds,53.48,40.51,58.53,10-26-26
34.8,76.21,56.09,Clayey,Paddy,46.66,29.91,37.42,Urea
29.02,84.77,47.55,Black,Rice,90.15,44.6,47.61,Urea
30.36,67.31,39.58,Loamy,Maize,47.35,48.96,43.98,20-20
28.19,80.62,42.36,Red,Watermelon,24.26,33.29,28.04,20-20
24.08,34.39,59.63,Black,Tobacco,74.04,52.1,46.05,17-17-17
25.04,48.95,34.52,Loamy,Paddy,37.99,38.54,46.0,Urea
25.6,49.18,47.08,Black,Tobacco,67.75,64.54,60.33,17-17-17
29.35,50.2,44.6,Loamy,Maize,48.96,50.29,50.96,20-20
16.08,77.06,19.31,Clayey,Wheat,64.35,50.79,43.71,14-35-14
21.99,79.83,31.56,Sandy,Wheat,22.29,16.41,11.55,Urea
34.58,62.43,64.63,Sandy,Sugarcane,23.05,7.73,17.19,10-26-26
27.23,71.87,51.17,Red,Ground Nuts,28.49,32.95,22.58,DAP
30.93,69.38,48.27,Clayey,Millets,57.3,32.55,39.96,17-17-17
30.97,46.33,26.44,Sandy,Pulses,22.59,1.9,13.55,DAP
28.11,17.52,62.39,Clayey,Wheat,48.28,45.28,32.59,14-35-14
31.56,50.59,28.26,Red,Barley,27.53,18.56,8.4,20-20
33.09,73.96,21.43,Red,Oil seeds,22.0,22.44,16.24,DAP
20.74,100.0,7.98,Loamy,Watermelon,59.75,42.33,41.59,14-35-14
30.03,43.16,50.31,Clayey,Oil seeds,65.85,44.99,33.65,14-35-14
20.62,68.02,14.38,Loamy,Sugarcane,24.07,39.11,36.86,17-17-17
27.69,38.46,48.97,Black,Tobacco,66.52,48.01,48.42,17-17-17
33.43,54.29,58.54,Sandy,Maize,13.75,6.07,21.52,DAP
35.85,43.7,30.59,Sandy,Cotton,25.61,2.95,17.34,14-35-14
33.5,75.27,64.71,Black,Cotton,63.34,40.16,44.87,DAP
32.1,63.76,57.39,Sandy,Pulses,24.3,9.56,5.65,DAP
24.08,63.47,46.1,Loamy,Rice,75.6,24.76,30.34,Urea
23.87,48.62,47.04,Clayey,Paddy,50.18,35.35,50.19,Urea
34.37,47.81,60.22,Red,Ground Nuts,22.29,17.16,7.8,DAP
32.6,81.35,52.34,Loamy,Rice,33.74,26.19,50.05,Urea
25.99,41.37,49.26,Black,Millets,74.0,68.99,53.64,20-20
25.44,57.17,42.01,Clayey,Rice,73.94,61.43,53.81,Urea
29.32,45.94,63.93,Clayey,Rice,70.76,63.23,50.33,Urea
26.07,45.52,27.88,Sandy,Maize,25.38,14.17,14.11,DAP
30.39,51.94,71.69,Loamy,Millets,57.96,20.22,42.12,DAP
23.23,48.34,34.65,Black,Ground Nuts,76.04,58.31,57.58,17-17-17
34.17,56.39,60.32,Loamy,Rice,68.7,40.59,56.64,Urea
33.66,85.83,22.46,Clayey,Wheat,49.3,46.01,49.51,14-35-14
30.18,55.89,70.82,Loamy,Pulses,32.14,43.89,22.85,20-20
29.31,74.32,44.57,Clayey,Paddy,61.07,38.97,51.73,Urea
21.67,59.12,38.13,Black,Oil seeds,63.2,35.85,33.98,17-17-17
19.26,66.52,52.13,Black,Barley,84.65,67.12,41.23,17-17-17
25.46,59.38,22.49,Red,Maize,35.35,27.02,18.71,DAP
22.49,29.48,39.56,Red,Rice,37.87,15.17,27.45,DAP
19.39,48.05,38.07,Loamy,Millets,63.25,36.67,34.08,DAP
32.49,39.48,64.54,Sandy,Oil seeds,29.44,15.66,10.61,20-20
26.63,68.76,45.82,Black,Ground Nuts,87.8,54.12,23.14,17-17-17
24.23,46.66,32.76,Black,Sugarcane,79.86,47.55,68.97,Urea
26.84,74.11,56.58,Red,Barley,41.0,23.16,34.95,20-20
36.44,52.33,49.25,Sandy,Pulses,26.34,6.22,9.43,DAP
32.85,66.2,45.82,Sandy,Oil seeds,23.52,17.46,14.55,20-20
25.85,64.58,9.86,Red,Sugarcane,18.09,14.74,11.95,20-20
25.81,73.86,31.73,Black,Ground Nuts,78.58,49.83,55.69,17-17-17
29.51,43.92,42.4,Red,Sugarcane,22.78,22.17,14.68,20-20
31.26,62.59,13.21,Black,Rice,88.93,39.1,44.95,Urea
29.64,78.3,38.67,Black,Tobacco,95.7,54.51,51.7,17-17-17
34.32,61.81,46.91,Black,Maize,49.0,52.25,32.97,17-17-17
21.64,74.08,66.34,Red,Watermelon,31.95,18.19,20.51,20-20
30.38,52.67,66.09,Black,Millets,80.4,51.59,45.96,20-20
30.71,58.65,19.87,Loamy,Barley,71.19,28.72,26.51,DAP
30.29,56.46,26.32,Black,Watermelon,69.57,58.11,40.76,DAP
32.86,51.39,52.45,Red,Tobacco,22.44,20.15,9.72,10-26-26
34.15,69.76,50.81,Sandy,Watermelon,32.39,17.54,11.49,17-17-17
27.71,62.12,52.13,Loamy,Cotton,39.16,52.86,37.61,14-35-14
22.71,46.42,44.96,Loamy,Ground Nuts,62.08,43.68,58.05,20-20
40.65,42.18,27.25,Black,Maize,70.28,72.38,63.3,17-17-17
35.74,31.49,41.35,Clayey,Sugarcane,53.26,45.17,23.24,14-35-14
28.92,59.77,53.69,Clayey,Ground Nuts,54.54,30.21,48.92,14-35-14
24.93,60.59,60.74,Sandy,Ground Nuts,16.3,13.36,6.65,10-26-26
34.46,66.33,64.65,Black,Tobacco,69.9,47.22,51.58,17-17-17
24.69,68.34,60.78,Sandy,Pulses,34.42,11.58,0.12,DAP
32.07,66.88,48.27,Red,Watermelon,49.89,10.62,8.83,20-20
26.49,71.46,45.45,Sandy,Watermelon,26.52,10.57,13.95,17-17-17
21.6,58.32,55.54,Sandy,Wheat,19.56,10.17,13.56,Urea
22.34,42.67,48.74,Red,Oil seeds,29.87,15.04,36.42,DAP
26.45,36.53,50.51,Red,Rice,23.14,14.74,28.31,DAP
24.49,63.76,32.62,Loamy,Barley,56.32,54.56,28.64,DAP
23.81,68.49,43.18,Sandy,Rice,27.11,14.69,4.53,Urea
26.31,57.03,47.84,Red,Tobacco,32.86,0.99,0.01,10-26-26
21.3,54.5,40.46,Loamy,Maize,74.61,49.81,39.94,20-20
29.56,48.81,45.83,Black,Ground Nuts,69.62,48.36,42.12,17-17-17
26.68,69.97,34.95,Red,Cotton,33.39,15.03,33.4,28-28
28.8,83.37,43.03,Red,Rice,9.93,17.01,24.93,DAP
34.01,62.25,47.11,Red,Oil seeds,14.39,10.4,36.0,DAP
28.4,46.07,43.16,Red,Sugarcane,24.15,18.98,26.17,20-20
34.26,75.23,50.6,Red,Cotton,26.82,15.25,23.39,28-28
20.65,85.3,55.41,Red,Oil seeds,48.69,16.07,34.77,DAP
24.82,71.11,59.33,Clayey,Oil seeds,45.72,35.41,43.14,14-35-14
26.07,56.45,55.7,Clayey,Millets,69.63,54.07,45.42,17-17-17
27.1,71.22,40.36,Loamy,Barley,44.66,51.69,22.52,DAP
37.28,65.14,34.57,Black,Cotton,86.95,62.35,24.42,DAP
31.79,71.39,41.58,Sandy,Oil seeds,20.01,17.02,15.0,20-20
23.18,64.49,52.04,Sandy,Watermelon,22.85,17.63,16.55,17-17-17
22.0,23.89,17.92,Sandy,Millets,20.66,15.48,9.06,Urea
34.74,55.08,36.08,Sandy,Oil seeds,19.04,19.88,22.97,20-20
41.32,56.33,46.48,Sandy,Sugarcane,21.13,21.17,11.48,10-26-26
24.96,57.53,70.3,Black,Millets,63.69,55.96,53.13,20-20
20.33,46.78,35.57,Clayey,Barley,67.83,13.3,67.45,28-28
33.76,44.97,46.03,Loamy,Wheat,45.13,35.38,38.5,DAP
25.85,56.31,53.94,Clayey,Barley,75.45,40.3,69.14,28-28
22.08,61.87,60.9,Sandy,Sugarcane,30.62,5.75,24.99,10-26-26
30.8,41.7,58.93,Sandy,Paddy,21.16,7.94,13.21,Urea
28.56,50.37,52.52,Black,Tobacco,52.78,71.33,45.37,17-17-17
31.96,49.91,63.96,Sandy,Oil seeds,13.3,11.81,16.76,20-20
23.41,36.25,46.72,Loamy,Pulses,39.32,30.22,37.01,20-20
19.76,49.6,34.2,Red,Cotton,27.66,28.48,28.61,28-28
27.15,87.84,26.19,Clayey,Maize,46.55,41.89,51.59,28-28
33.78,36.96,21.51,Clayey,Watermelon,72.72,55.35,55.48,10-26-26
22.56,75.3,52.27,Black,Ground Nuts,80.19,46.73,41.72,17-17-17
20.69,64.41,5.0,Clayey,Ground Nuts,56.35,46.85,32.2,14-35-14
24.41,60.21,36.63,Black,Tobacco,61.58,46.43,46.77,17-17-17
26.19,48.21,52.13,Clayey,Paddy,57.89,48.73,60.36,Urea
26.41,80.27,58.7,Red,Barley,41.43,26.81,28.29,20-20
27.79,100.0,55.69,Red,Watermelon,32.92,18.96,16.2,20-20
27.32,77.1,57.04,Clayey,Tobacco,45.46,50.73,45.91,14-35-14
36.02,67.37,49.95,Sandy,Cotton,21.77,0.0,14.74,14-35-14
25.08,35.48,68.28,Red,Paddy,25.2,18.57,16.79,DAP
28.21,44.95,40.21,Loamy,Tobacco,50.95,32.54,50.35,20-20
21.71,56.74,40.37,Red,Cotton,17.54,14.32,20.44,28-28
25.21,48.77,38.82,Black,Barley,80.26,55.04,63.34,17-17-17
31.97,61.95,47.07,Sandy,Millets,28.3,20.12,16.34,Urea
31.36,43.97,60.34,Loamy,Wheat,64.67,31.28,25.29,DAP
28.47,15.57,38.14,Clayey,Maize,61.26,39.32,34.53,28-28
30.26,56.04,37.81,Black,Pulses,66.56,51.05,71.09,17-17-17
31.11,72.4,22.32,Clayey,Watermelon,67.05,41.4,48.49,10-26-26
30.15,47.51,71.74,Loamy,Wheat,53.85,34.66,48.75,DAP
26.49,91.96,29.68,Clayey,Pulses,44.76,39.04,47.17,14-35-14
24.5,41.69,32.08,Sandy,Cotton,25.24,12.72,8.91,14-35-14
26.58,54.78,34.96,Loamy,Wheat,36.95,29.64,34.53,DAP
30.24,46.51,41.05,Clayey,Tobacco,63.43,52.14,48.6,14-35-14
25.62,76.03,39.16,Red,Ground Nuts,24.09,28.79,28.89,DAP
30.71,30.22,64.59,Red,Paddy,19.42,20.46,15.79,DAP
26.86,64.24,34.13,Clayey,Oil seeds,64.54,48.6,34.81,14-35-14
30.7,81.77,48.83,Black,Sugarcane,68.73,66.63,47.32,Urea
28.19,44.0,48.54,Red,Cotton,36.6,15.74,3.48,28-28
39.22,61.26,45.17,Clayey,Watermelon,47.7,49.35,45.3,10-26-26
27.45,77.02,34.92,Loamy,Paddy,57.19,44.62,21.46,Urea
35.47,74.51,36.59,Black,Millets,72.25,60.54,52.3,20-20
32.19,49.81,5.0,Sandy,Cotton,7.64,13.93,11.76,14-35-14
31.9,60.73,46.13,Clayey,Ground Nuts,64.71,46.54,29.72,14-35-14
25.17,32.82,30.74,Black,Millets,95.45,26.15,59.78,20-20
25.68,66.73,20.11,Clayey,Maize,61.32,60.9,25.33,28-28
35.16,75.45,38.79,Red,Maize,36.06,32.86,27.5,DAP
33.99,55.5,34.81,Sandy,Rice,19.44,13.61,18.81,Urea
29.02,49.68,40.41,Clayey,Maize,67.99,45.07,48.64,28-28
24.7,64.06,45.44,Loamy,Maize,50.66,36.81,35.92,20-20
29.55,54.86,32.43,Clayey,Paddy,69.93,45.42,56.6,Urea
36.04,44.47,58.22,Black,Oil seeds,67.67,51.89,56.66,17-17-17
20.26,81.91,34.51,Sandy,Ground Nuts,20.24,7.37,12.54,10-26-26
23.57,94.64,49.0,Clayey,Watermelon,79.07,45.4,32.47,10-26-26
29.13,22.29,50.05,Sandy,Tobacco,21.9,15.51,18.67,10-26-26
23.27,50.4,32.85,Sandy,Barley,24.2,13.43,18.53,Urea
33.6,76.03,26.44,Clayey,Paddy,60.49,35.28,58.28,Urea
26.37,49.8,44.29,Loamy,Wheat,48.57,41.12,39.5,DAP
26.6,57.58,55.61,Loamy,Millets,65.48,44.8,64.26,DAP
21.29,51.54,46.6,Red,Watermelon,37.47,32.59,21.95,20-20
41.01,57.3,62.23,Sandy,Rice,12.89,8.94,8.82,Urea
29.96,38.59,50.22,Loamy,Barley,73.36,47.52,25.43,DAP
25.58,80.95,27.51,Loamy,Sugarcane,69.96,59.06,48.68,17-17-17
20.53,60.32,19.9,Sandy,Watermelon,29.77,13.41,13.14,17-17-17
27.6,56.65,38.93,Red,Maize,27.02,31.2,27.78,DAP
35.17,77.53,59.79,Clayey,Millets,61.37,36.53,39.35,17-17-17
28.29,58.78,25.54,Sandy,Pulses,24.6,11.96,17.94,DAP
24.2,61.79,9.62,Red,Barley,22.75,25.57,32.11,20-20
28.28,85.6,32.16,Clayey,Watermelon,44.6,51.75,44.14,10-26-26
19.81,47.39,58.47,Clayey,Millets,60.82,45.76,32.89,17-17-17
29.37,62.28,63.82,Clayey,Cotton,76.26,42.01,39.97,17-17-17
21.94,69.73,45.63,Black,Oil seeds,50.46,49.36,32.3,17-17-17
30.56,73.02,25.61,Clayey,Rice,61.76,35.9,25.07,Urea
28.91,60.16,44.41,Sandy,Wheat,10.77,6.64,17.75,Urea
31.07,71.76,39.84,Sandy,Paddy,18.27,13.32,14.74,Urea
31.08,55.88,30.16,Black,Sugarcane,80.87,55.71,55.37,Urea
30.3,67.73,32.48,Black,Barley,79.89,60.13,51.11,17-17-17
21.09,86.25,21.62,Red,Oil seeds,28.63,27.47,26.3,DAP
25.08,78.58,71.4,Black,Maize,80.26,62.24,63.71,17-17-17
30.47,62.08,48.17,Sandy,Oil seeds,17.74,14.1,10.31,20-20
37.56,78.44,21.48,Sandy,Wheat,17.5,9.62,20.73,Urea
21.0,66.47,13.89,Sandy,Barley,5.76,6.77,13.95,Urea
28.3,36.73,34.28,Red,Pulses,25.05,20.2,26.06,10-26-26
30.33,69.18,46.48,Sandy,Millets,7.48,11.28,13.62,Urea
22.9,48.07,55.04,Clayey,Watermelon,61.31,50.2,52.17,10-26-26
33.73,77.41,50.6,Loamy,Sugarcane,49.95,37.02,25.92,17-17-17
27.35,74.73,15.11,Clayey,Cotton,53.79,30.79,55.89,17-17-17
27.94,41.72,72.39,Red,Maize,37.73,15.88,32.85,DAP
20.38,58.59,68.32,Sandy,Pulses,16.51,5.93,14.08,DAP
28.88,41.25,41.02,Clayey,Pulses,35.65,36.85,51.84,14-35-14
23.47,52.05,29.4,Black,Oil seeds,89.39,59.86,55.77,17-17-17
26.91,58.6,53.2,Sandy,Ground Nuts,33.59,14.15,13.76,10-26-26
29.23,62.54,27.96,Black,Paddy,87.38,30.05,36.11,Urea
30.65,51.9,32.01,Loamy,Pulses,46.77,23.79,53.33,20-20
21.29,38.61,54.09,Black,Sugarcane,62.2,48.38,59.37,Urea
18.23,40.62,25.13,Loamy,Watermelon,71.32,26.44,39.0,14-35-14
26.65,49.23,50.44,Red,Ground Nuts,36.38,30.23,26.65,DAP
24.32,68.51,33.51,Black,Watermelon,68.98,41.63,47.14,DAP
25.82,69.67,36.44,Sandy,Barley,18.07,14.76,9.91,Urea
26.04,48.95,57.78,Red,Wheat,23.28,17.31,10.06,28-28
39.29,47.89,55.36,Loamy,Pulses,45.58,28.46,27.99,20-20
28.75,53.89,58.14,Loamy,Cotton,63.69,48.62,52.16,14-35-14
36.37,67.03,64.07,Black,Watermelon,58.71,41.84,64.74,DAP
15.11,70.63,32.07,Black,Sugarcane,68.05,54.3,45.96,Urea
24.78,31.63,47.69,Clayey,Cotton,60.48,48.17,56.65,17-17-17
29.81,83.31,57.47,Loamy,Tobacco,55.91,33.97,48.52,20-20
31.09,48.41,34.04,Red,Maize,29.83,18.75,22.85,DAP
19.98,51.98,25.64,Red,Ground Nuts,24.66,34.47,14.98,DAP
21.21,34.8,39.29,Clayey,Barley,43.38,29.41,41.25,28-28
36.16,36.16,48.29,Clayey,Rice,75.84,39.33,32.95,Urea
21.73,62.67,28.15,Red,Sugarcane,17.3,40.25,14.88,20-20
26.21,71.42,55.94,Red,Watermelon,12.89,10.69,23.51,20-20
21.85,51.93,12.78,Loamy,Sugarcane,55.24,51.71,39.71,17-17-17
38.2,65.05,55.08,Sandy,Ground Nuts,21.98,8.98,15.53,10-26-26
23.3,54.76,23.78,Clayey,Tobacco,54.79,43.39,52.99,14-35-14
27.81,54.49,17.46,Sandy,Pulses,15.92,10.94,2.56,DAP
34.97,53.54,43.51,Clayey,Rice,72.05,65.65,51.53,Urea
23.01,48.19,13.45,Loamy,Paddy,62.67,31.53,56.96,Urea
22.55,70.58,28.49,Loamy,Tobacco,52.04,36.63,42.67,20-20
19.79,61.27,40.97,Clayey,Oil seeds,62.02,45.36,49.26,14-35-14
38.76,55.69,42.16,Loamy,Sugarcane,37.83,12.59,55.34,17-17-17
23.6,64.48,54.53,Loamy,Maize,62.87,35.05,58.56,20-20
34.6,56.42,42.48,Red,Sugarcane,41.74,15.12,20.22,20-20
27.24,49.28,24.92,Clayey,Tobacco,75.69,32.63,40.81,14-35-14
30.81,43.05,67.85,Loamy,Pulses,36.54,40.73,46.54,20-20
31.81,51.76,8.11,Clayey,Oil seeds,65.55,33.96,52.33,14-35-14
31.62,55.45,56.44,Loamy,Ground Nuts,37.54,45.9,51.66,20-20
19.99,80.84,30.96,Clayey,Pulses,56.48,52.85,34.01,14-35-14
25.89,60.19,37.71,Loamy,Barley,71.46,35.93,45.24,DAP
26.01,79.38,43.92,Loamy,Pulses,65.38,31.58,30.44,20-20
17.93,78.53,23.0,Red,Maize,29.66,15.52,9.15,DAP
30.89,45.52,54.82,Red,Barley,34.37,29.69,18.87,20-20
24.74,44.64,26.97,Loamy,Paddy,78.82,39.9,33.44,Urea
21.02,75.09,57.28,Clayey,Cotton,55.05,57.92,56.65,17-17-17
30.23,63.74,54.46,Loamy,Barley,48.38,40.44,45.53,DAP
30.26,66.73,68.37,Sandy,Cotton,26.6,18.78,17.89,14-35-14
27.93,71.0,30.62,Red,Maize,41.44,12.67,17.24,DAP
35.91,68.94,14.28,Clayey,Barley,59.72,62.27,47.06,28-28
31.46,48.7,38.39,Red,Tobacco,17.08,23.01,16.69,10-26-26
34.41,53.1,30.71,Sandy,Oil seeds,25.23,6.63,20.2,20-20
30.67,53.17,71.96,Sandy,Oil seeds,15.92,14.7,9.13,20-20
24.09,39.94,8.88,Black,Pulses,61.06,37.68,60.77,17-17-17
23.94,71.36,59.79,Black,Tobacco,93.92,47.58,54.45,17-17-17
35.9,50.97,39.35,Black,Wheat,74.68,59.07,59.44,17-17-17
19.93,63.1,47.44,Loamy,Paddy,51.97,27.83,27.64,Urea
31.37,48.54,37.16,Sandy,Cotton,22.52,7.29,16.66,14-35-14
19.52,55.7,62.26,Loamy,Wheat,74.07,38.65,38.59,DAP
27.68,46.04,29.29,Sandy,Maize,12.76,21.65,14.01,DAP
26.31,69.27,46.8,Clayey,Paddy,55.22,49.35,25.38,Urea
25.19,42.01,56.24,Black,Cotton,42.73,43.95,34.11,DAP
33.06,42.37,69.84,Black,Wheat,83.95,47.15,43.77,17-17-17
24.14,61.55,55.45,Clayey,Paddy,50.53,44.39,47.77,Urea
27.62,59.44,47.05,Loamy,Maize,39.54,43.2,47.01,20-20
32.97,49.54,40.49,Clayey,Tobacco,30.05,52.92,44.72,14-35-14
36.67,85.26,26.81,Black,Barley,81.18,60.3,37.0,17-17-17
31.19,64.25,82.45,Red,Ground Nuts,35.53,25.29,11.14,DAP
31.34,57.12,53.17,Loamy,Oil seeds,55.77,44.36,30.93,10-26-26
32.79,57.52,52.49,Clayey,Pulses,53.79,45.47,68.21,14-35-14
21.93,65.81,64.99,Black,Pulses,54.16,42.56,61.2,17-17-17
30.66,50.35,36.28,Black,Cotton,72.49,38.88,22.53,DAP
22.87,75.16,45.77,Red,Barley,15.85,27.66,22.68,20-20
26.52,68.8,45.79,Black,Wheat,62.77,66.3,44.51,17-17-17
35.26,61.88,43.03,Clayey,Sugarcane,56.73,37.63,49.38,14-35-14
32.58,31.11,32.66,Black,Millets,91.02,54.08,62.05,20-20
25.1,64.58,44.15,Red,Paddy,20.46,23.61,23.17,DAP
27.93,68.87,36.96,Red,Barley,45.11,11.97,19.63,20-20
29.79,55.42,41.93,Clayey,Millets,47.13,48.38,49.48,17-17-17
33.78,74.53,43.11,Black,Oil seeds,88.07,57.65,53.4,17-17-17
23.61,48.07,36.71,Loamy,Paddy,54.02,52.74,54.84,Urea
29.15,60.61,27.71,Loamy,Tobacco,47.96,32.92,39.2,20-20
27.67,51.46,61.71,Clayey,Ground Nuts,52.14,42.72,45.18,14-35-14
22.53,57.9,39.97,Clayey,Barley,48.01,50.44,49.48,28-28
29.33,67.5,42.22,Red,Watermelon,45.88,35.75,25.93,20-20
27.43,72.59,30.47,Black,Maize,62.21,61.07,46.53,17-17-17
22.18,53.8,45.49,Clayey,Cotton,37.8,42.51,31.0,17-17-17
24.27,58.43,54.19,Black,Sugarcane,90.53,46.0,55.24,Urea
30.36,83.99,32.1,Black,Barley,53.34,32.43,44.11,17-17-17
21.83,85.98,61.5,Red,Rice,19.65,28.88,27.3,DAP
30.88,76.15,53.89,Loamy,Millets,63.25,36.23,44.2,DAP
19.1,67.23,5.0,Sandy,Wheat,30.4,21.26,16.74,Urea
18.38,63.85,40.78,Red,Sugarcane,39.68,22.54,17.13,20-20
30.07,69.6,25.26,Sandy,Maize,25.37,5.22,11.56,DAP
32.31,57.76,22.22,Loamy,Pulses,55.24,49.74,38.67,20-20
34.64,64.11,58.29,Sandy,Ground Nuts,45.55,13.99,24.71,10-26-26
25.2,80.46,12.4,Clayey,Cotton,67.26,54.08,58.11,17-17-17
21.96,35.36,69.67,Sandy,Paddy,13.79,17.89,19.15,Urea
30.45,46.55,37.01,Loamy,Watermelon,68.33,38.6,52.09,14-35-14
23.98,59.93,39.25,Clayey,Paddy,50.15,16.21,34.06,Urea
31.01,75.6,29.72,Red,Rice,27.1,26.53,23.55,DAP
31.61,91.97,29.2,Black,Pulses,79.74,68.71,41.92,17-17-17
25.54,57.85,43.57,Loamy,Maize,51.22,50.26,32.04,20-20
21.62,43.78,60.8,Red,Paddy,34.3,22.17,21.66,DAP
28.18,67.34,42.03,Clayey,Wheat,52.63,43.18,46.08,14-35-14
30.42,63.41,35.76,Sandy,Tobacco,14.85,13.77,10.03,10-26-26
32.85,71.13,67.15,Red,Paddy,10.87,24.57,22.9,DAP
22.81,59.54,62.45,Loamy,Cotton,68.47,59.09,44.29,14-35-14
28.07,44.91,13.47,Red,Wheat,43.86,14.16,21.5,28-28
26.88,55.44,49.06,Black,Tobacco,85.07,44.27,56.65,17-17-17
27.14,48.98,59.34,Clayey,Ground Nuts,56.57,56.57,56.42,14-35-14
25.01,66.09,43.12,Red,Barley,59.66,24.73,16.54,20-20
19.44,82.76,70.43,Loamy,Maize,61.44,18.0,43.07,20-20
23.84,10.0,34.84,Sandy,Maize,25.88,15.29,21.96,DAP
32.2,46.09,51.72,Loamy,Sugarcane,52.53,44.87,65.87,17-17-17
33.71,92.51,61.51,Clayey,Paddy,55.09,54.44,58.88,Urea
18.65,47.51,23.9,Black,Paddy,93.17,46.21,58.59,Urea
22.28,57.0,59.25,Clayey,Ground Nuts,65.92,47.99,66.32,14-35-14
21.96,52.18,46.58,Clayey,Tobacco,51.75,48.65,43.87,14-35-14
28.76,72.65,31.79,Loamy,Millets,61.27,28.08,45.94,DAP
26.18,64.39,33.32,Sandy,Paddy,16.73,6.56,18.72,Urea
17.12,66.43,32.27,Loamy,Ground Nuts,37.85,40.96,35.01,20-20
26.9,92.32,34.68,Clayey,Millets,58.3,37.75,70.22,17-17-17
30.29,52.41,52.89,Black,Tobacco,71.2,52.04,54.42,17-17-17
31.41,59.42,37.99,Sandy,Pulses,13.28,1.97,14.26,DAP
30.89,58.08,25.95,Sandy,Maize,11.32,2.21,14.85,DAP
28.47,46.5,39.62,Red,Millets,24.94,28.58,8.76,28-28
25.42,51.89,30.11,Clayey,Cotton,47.73,26.59,53.24,17-17-17
29.58,46.84,58.03,Sandy,Sugarcane,16.55,11.5,27.86,10-26-26
31.58,64.09,43.17,Sandy,Paddy,28.72,7.22,12.46,Urea
19.09,73.36,54.33,Sandy,Pulses,24.4,11.48,0.0,DAP
26.36,55.64,24.11,Black,Oil seeds,68.64,27.22,54.47,17-17-17
17.7,46.89,31.36,Loamy,Sugarcane,54.02,45.63,37.37,17-17-17
31.61,43.48,40.98,Sandy,Watermelon,23.57,26.54,5.44,17-17-17
20.26,60.84,60.52,Sandy,Oil seeds,6.98,14.25,22.58,20-20
25.48,50.79,46.34,Red,Tobacco,35.62,15.94,18.16,10-26-26
32.71,100.0,59.73,Loamy,Pulses,43.77,43.2,31.9,20-20
32.28,70.38,57.92,Red,Cotton,23.83,11.05,20.41,28-28
28.25,55.17,39.9,Red,Maize,33.89,13.5,22.59,DAP
26.37,78.02,38.88,Black,Cotton,73.48,58.71,70.75,DAP
27.4,43.82,48.56,Loamy,Ground Nuts,44.23,61.59,43.12,20-20
33.88,40.92,55.7,Loamy,Barley,34.79,48.16,32.91,DAP
31.4,35.07,20.48,Sandy,Tobacco,26.55,9.1,5.75,10-26-26
21.84,61.67,31.07,Clayey,Wheat,69.2,50.99,48.68,14-35-14
27.42,37.48,50.92,Red,Oil seeds,31.37,12.75,15.52,DAP
26.49,47.81,30.71,Clayey,Tobacco,74.7,47.07,43.23,14-35-14
32.46,67.22,75.97,Loamy,Tobacco,74.26,27.4,31.27,20-20
32.81,37.56,60.77,Sandy,Wheat,13.05,6.94,11.97,Urea
37.39,55.2,52.46,Loamy,Barley,60.67,43.41,49.09,DAP
30.78,44.7,21.85,Clayey,Tobacco,66.84,51.23,63.1,14-35-14
26.92,70.43,45.23,Loamy,Millets,62.16,60.21,40.33,DAP
25.75,71.4,41.46,Loamy,Cotton,36.5,41.31,49.75,14-35-14
23.79,62.89,49.97,Clayey,Paddy,77.07,27.4,49.32,Urea
26.71,52.42,55.38,Sandy,Cotton,10.17,5.09,15.33,14-35-14
31.61,40.95,55.03,Loamy,Barley,37.03,33.35,52.81,DAP
18.9,76.04,34.32,Clayey,Paddy,45.9,48.6,44.6,Urea
36.8,44.48,42.12,Black,Oil seeds,84.96,81.29,75.95,17-17-17
32.17,59.63,44.23,Clayey,Pulses,45.72,58.25,19.76,14-35-14
19.76,80.57,69.72,Black,Ground Nuts,59.39,45.67,46.36,17-17-17
27.03,60.07,57.3,Loamy,Tobacco,60.32,45.51,22.98,20-20
26.31,63.2,42.82,Red,Pulses,45.35,8.46,20.26,10-26-26
31.14,54.08,56.59,Red,Ground Nuts,36.18,30.09,13.46,DAP
22.16,79.12,27.97,Loamy,Watermelon,73.18,28.88,51.46,14-35-14
29.43,72.09,26.01,Black,Ground Nuts,51.11,61.47,55.57,17-17-17
24.76,42.67,44.44,Clayey,Tobacco,62.35,55.12,51.01,14-35-14
28.34,56.93,61.04,Sandy,Tobacco,11.11,11.43,5.42,10-26-26
24.85,32.92,45.03,Sandy,Pulses,14.6,16.15,7.62,DAP
27.02,39.72,41.0,Loamy,Wheat,46.23,41.46,42.73,DAP
31.9,81.45,51.02,Loamy,Maize,71.12,34.97,56.8,20-20
27.88,49.63,39.02,Black,Cotton,64.01,44.97,58.68,DAP
31.68,35.89,31.5,Red,Watermelon,28.86,18.81,18.74,20-20
23.66,59.57,35.27,Loamy,Rice,41.28,46.05,43.13,Urea
24.99,38.77,37.63,Loamy,Oil seeds,68.11,42.09,56.19,10-26-26
23.28,50.77,49.14,Loamy,Wheat,65.54,54.08,27.38,DAP
33.53,63.54,21.99,Loamy,Rice,59.34,41.53,53.91,Urea
32.29,58.77,73.79,Sandy,Watermelon,16.44,7.62,7.14,17-17-17
35.77,79.47,69.27,Red,Oil seeds,27.17,13.04,19.93,DAP
31.63,60.36,62.46,Clayey,Tobacco,87.64,50.36,49.63,14-35-14
28.01,59.32,41.86,Loamy,Watermelon,64.2,38.48,41.85,14-35-14
23.36,72.78,47.79,Loamy,Oil seeds,58.77,41.65,30.07,10-26-26
24.59,83.63,32.74,Clayey,Cotton,59.83,27.45,47.05,17-17-17
23.71,63.34,47.61,Black,Pulses,58.52,80.03,26.69,17-17-17
23.62,46.47,59.29,Clayey,Wheat,52.29,53.15,56.26,14-35-14
21.04,84.11,67.58,Clayey,Maize,59.45,46.94,44.04,28-28
27.36,58.5,35.73,Clayey,Millets,67.69,42.26,39.83,17-17-17
37.41,68.45,56.66,Clayey,Maize,62.03,40.74,42.79,28-28
29.67,66.11,54.73,Red,Cotton,25.04,13.95,25.92,28-28
25.71,85.99,38.44,Loamy,Ground Nuts,59.61,47.51,37.68,20-20
24.11,61.88,43.97,Red,Pulses,28.65,19.59,30.97,10-26-26
34.33,49.56,44.15,Red,Oil seeds,34.95,14.75,4.8,DAP
29.52,65.35,46.57,Red,Watermelon,39.78,24.93,19.06,20-20
28.62,72.04,5.0,Sandy,Ground Nuts,21.23,1.28,8.31,10-26-26
27.54,75.93,43.62,Black,Oil seeds,86.91,56.32,45.13,17-17-17
24.7,57.32,40.4,Clayey,Ground Nuts,69.19,35.06,58.16,14-35-14
19.93,38.32,50.43,Clayey,Oil seeds,55.51,45.97,40.94,14-35-14
29.01,59.03,39.29,Red,Millets,35.7,19.7,22.85,28-28
37.03,82.41,40.04,Black,Cotton,61.14,75.08,43.73,DAP
19.93,59.1,20.66,Loamy,Watermelon,54.2,55.53,39.23,14-35-14
31.54,54.75,41.96,Clayey,Rice,73.57,65.88,62.92,Urea
32.62,44.79,46.29,Clayey,Wheat,33.64,48.28,45.03,14-35-14
25.52,75.35,28.6,Clayey,Wheat,58.27,69.72,38.12,14-35-14
31.84,78.93,47.7,Black,Millets,77.09,53.56,69.91,20-20
24.05,37.16,15.72,Red,Sugarcane,39.19,22.57,28.85,20-20
21.16,61.88,48.94,Loamy,Oil seeds,46.87,30.62,36.65,10-26-26
31.0,39.96,39.16,Sandy,Paddy,20.76,15.75,10.51,Urea
35.47,72.24,50.97,Sandy,Ground Nuts,30.09,15.39,3.89,10-26-26
25.96,39.99,40.74,Sandy,Maize,21.66,16.54,10.66,DAP
31.84,71.02,68.52,Red,Sugarcane,25.96,11.43,25.18,20-20
31.6,67.9,32.23,Clayey,Ground Nuts,45.75,48.3,43.74,14-35-14
26.99,59.11,31.46,Sandy,Maize,20.39,16.13,21.12,DAP
21.22,73.16,31.68,Clayey,Millets,59.5,48.01,34.8,17-17-17
32.4,56.17,27.1,Clayey,Oil seeds,40.42,46.15,45.98,14-35-14
21.02,47.0,42.98,Black,Ground Nuts,52.68,60.68,67.01,17-17-17
27.79,74.42,48.46,Loamy,Cotton,52.56,49.45,51.75,14-35-14
32.7,56.29,61.4,Black,Pulses,67.28,42.92,58.21,17-17-17
24.56,52.56,73.35,Loamy,Oil seeds,27.56,50.66,14.8,10-26-26
25.7,75.72,61.01,Red,Tobacco,22.2,21.97,16.65,10-26-26
22.83,38.58,55.84,Red,Barley,29.09,23.74,0.02,20-20
32.03,71.66,52.37,Red,Maize,29.0,21.52,18.16,DAP
27.5,79.43,61.34,Black,Pulses,61.66,51.98,62.08,17-17-17
35.06,48.83,35.16,Black,Barley,49.13,51.18,64.19,17-17-17
39.54,79.23,43.31,Black,Watermelon,66.52,49.05,45.68,DAP
30.73,56.03,36.84,Red,Barley,33.07,26.66,20.35,20-20
28.97,83.94,54.02,Sandy,Maize,22.74,13.6,26.47,DAP
22.99,64.2,5.0,Loamy,Ground Nuts,66.2,34.35,32.38,20-20
27.94,49.42,54.88,Clayey,Maize,56.09,47.49,47.42,28-28
29.42,66.4,34.72,Red,Cotton,14.58,23.71,27.08,28-28
26.03,50.59,55.31,Red,Wheat,28.1,15.41,21.64,28-28
29.38,53.89,56.92,Loamy,Paddy,34.03,62.76,30.91,Urea
38.18,47.41,63.25,Clayey,Pulses,62.97,53.4,32.26,14-35-14
23.55,53.07,39.13,Loamy,Pulses,68.36,39.94,44.27,20-20
27.08,59.15,24.09,Sandy,Ground Nuts,19.36,15.21,28.52,10-26-26
22.02,25.25,54.34,Sandy,Maize,10.36,17.96,8.08,DAP
27.55,48.82,40.72,Sandy,Ground Nuts,17.34,8.05,9.22,10-26-26
27.93,85.65,24.81,Loamy,Wheat,72.2,38.43,42.39,DAP
26.37,59.56,37.82,Black,Maize,88.03,35.24,38.77,17-17-17
24.45,52.53,53.31,Sandy,Sugarcane,17.28,7.19,23.39,10-26-26
30.81,61.42,69.97,Black,Maize,70.18,36.36,44.18,17-17-17
29.01,46.64,27.33,Red,Cotton,31.5,18.01,24.5,28-28
26.34,70.55,82.48,Loamy,Watermelon,63.32,31.14,19.72,14-35-14
22.18,73.75,35.22,Black,Oil seeds,86.29,53.77,42.86,17-17-17
23.11,34.5,30.82,Black,Wheat,59.56,57.3,34.38,17-17-17
31.58,53.81,19.16,Red,Pulses,0.66,22.83,30.68,10-26-26
27.99,59.43,12.62,Clayey,Pulses,62.92,36.7,39.9,14-35-14
26.65,56.98,79.69,Black,Pulses,65.49,61.97,33.11,17-17-17
22.81,87.81,5.0,Clayey,Barley,50.56,57.53,33.29,28-28
32.87,47.0,64.37,Clayey,Millets,63.54,68.52,42.47,17-17-17
28.86,43.23,64.1,Red,Barley,34.78,28.51,27.87,20-20
21.38,72.26,29.74,Clayey,Pulses,48.44,66.19,70.41,14-35-14
27.79,57.86,47.47,Red,Wheat,25.67,20.1,22.6,28-28
22.46,68.47,56.67,Red,Millets,24.79,18.45,21.08,28-28
24.83,67.91,41.08,Red,Maize,35.02,14.79,34.74,DAP
26.31,76.54,41.41,Clayey,Tobacco,61.08,51.96,64.24,14-35-14
36.48,55.65,53.56,Loamy,Paddy,57.06,24.76,58.54,Urea
34.24,60.34,59.06,Sandy,Pulses,9.28,11.67,25.09,DAP
27.92,49.34,43.43,Sandy,Cotton,15.28,11.91,13.86,14-35-14
24.04,52.22,53.92,Loamy,Cotton,56.14,35.68,35.02,14-35-14
19.84,49.78,35.22,Black,Tobacco,85.84,47.7,57.23,17-17-17
21.42,71.44,51.92,Loamy,Tobacco,53.62,37.86,61.6,20-20
28.22,48.29,31.87,Black,Barley,98.18,60.43,56.09,17-17-17
25.71,47.2,48.22,Sandy,Pulses,26.09,13.91,12.31,DAP
31.3,72.07,42.55,Clayey,Sugarcane,67.65,61.39,46.76,14-35-14
32.56,67.43,33.66,Black,Ground Nuts,61.26,34.38,64.64,17-17-17
26.02,68.75,41.94,Sandy,Wheat,6.89,9.38,19.14,Urea
17.12,70.06,33.99,Red,Maize,45.41,20.86,17.33,DAP
34.5,54.11,68.8,Black,Tobacco,70.06,41.36,47.16,17-17-17
22.23,71.04,35.4,Sandy,Oil seeds,35.72,8.44,17.12,20-20
33.09,54.26,45.72,Loamy,Barley,48.69,37.76,41.27,DAP
22.69,51.48,30.69,Black,Rice,73.84,40.93,49.87,Urea
24.87,69.02,39.49,Black,Oil seeds,71.29,56.47,61.29,17-17-17
18.87,75.86,34.56,Clayey,Watermelon,47.84,38.16,42.54,10-26-26
32.57,71.4,78.16,Loamy,Ground Nuts,51.7,57.24,34.91,20-20
32.51,44.11,46.39,Sandy,Maize,18.57,5.35,13.39,DAP
26.46,61.37,73.98,Clayey,Cotton,65.32,79.08,50.36,17-17-17
39.17,37.67,53.5,Black,Pulses,76.61,62.56,46.21,17-17-17
28.36,65.69,40.5,Clayey,Pulses,56.88,25.62,38.77,14-35-14
37.28,68.42,57.09,Red,Paddy,13.29,22.79,15.33,DAP
24.4,53.09,60.86,Red,Oil seeds,28.84,8.17,17.59,DAP
32.12,50.04,67.04,Loamy,Millets,48.81,47.06,33.05,DAP
32.85,29.18,80.3,Loamy,Ground Nuts,66.74,53.97,24.87,20-20
28.91,50.74,28.52,Black,Tobacco,69.76,43.52,41.16,17-17-17
29.58,85.62,31.48,Sandy,Paddy,22.55,8.75,13.65,Urea
33.13,42.12,56.93,Clayey,Wheat,59.74,55.74,66.0,14-35-14
26.45,68.35,43.6,Sandy,Oil seeds,13.45,16.24,18.01,20-20
21.2,56.17,42.29,Clayey,Wheat,51.23,50.96,47.18,14-35-14
19.27,57.95,49.17,Loamy,Tobacco,44.41,47.85,22.75,20-20
23.58,49.82,62.91,Loamy,Maize,42.74,51.14,46.34,20-20
30.73,76.21,47.2,Black,Barley,60.83,56.86,51.82,17-17-17
27.84,24.08,32.83,Clayey,Rice,70.65,45.34,40.4,Urea
23.57,32.55,34.1,Clayey,Watermelon,63.68,25.1,47.26,10-26-26
25.91,49.67,16.24,Clayey,Maize,71.21,56.44,41.2,28-28
39.84,64.23,66.64,Clayey,Sugarcane,72.74,54.96,53.16,14-35-14
34.35,73.48,56.87,Black,Maize,100.21,58.49,46.89,17-17-17
38.96,53.93,59.55,Red,Watermelon,37.04,33.08,22.48,20-20
37.26,35.07,22.33,Red,Rice,32.48,17.61,21.91,DAP
27.06,56.28,24.12,Sandy,Rice,24.65,9.51,19.48,Urea
27.82,36.56,50.65,Black,Rice,85.35,45.83,27.31,Urea
31.18,51.06,34.87,Sandy,Wheat,15.1,25.47,8.94,Urea
21.26,77.62,30.81,Red,Rice,28.64,17.08,18.35,DAP
18.01,51.04,59.21,Sandy,Wheat,29.98,4.52,19.19,Urea
18.89,53.32,45.11,Sandy,Ground Nuts,28.27,8.53,7.36,10-26-26
30.83,61.36,19.23,Clayey,Cotton,78.1,39.03,48.99,17-17-17
27.03,40.51,39.53,Sandy,Watermelon,20.48,17.25,4.36,17-17-17
34.73,46.18,57.67,Loamy,Ground Nuts,82.48,40.4,52.46,20-20
30.28,45.85,8.56,Clayey,Watermelon,56.61,47.43,50.93,10-26-26
25.57,72.17,53.09,Clayey,Wheat,55.84,36.22,42.96,14-35-14
34.45,75.96,34.91,Red,Barley,41.36,11.65,30.48,20-20
22.52,57.47,46.66,Clayey,Paddy,70.53,31.86,65.33,Urea
28.99,70.4,39.14,Loamy,Barley,50.07,51.32,24.22,DAP
28.3,38.41,39.25,Red,Rice,38.89,20.44,23.97,DAP
24.78,58.01,39.41,Loamy,Maize,44.64,32.59,23.77,20-20
27.1,51.95,39.83,Red,Rice,41.54,19.82,23.5,DAP
28.31,80.55,58.4,Red,Sugarcane,32.12,31.67,10.03,20-20
19.8,79.02,52.82,Black,Cotton,54.54,38.65,39.13,DAP
32.35,83.05,32.32,Sandy,Barley,12.67,7.33,14.68,Urea
19.43,42.81,32.37,Clayey,Cotton,65.56,51.15,43.18,17-17-17
23.37,50.22,35.96,Black,Rice,67.34,61.3,58.46,Urea
26.33,77.6,50.54,Clayey,Watermelon,65.61,51.97,42.05,10-26-26
27.83,56.38,48.44,Sandy,Barley,24.8,16.55,15.67,Urea
18.57,95.73,48.41,Loamy,Sugarcane,52.41,36.94,59.51,17-17-17
16.91,35.79,57.45,Black,Rice,62.08,47.09,46.18,Urea
23.0,34.04,58.97,Clayey,Pulses,48.8,38.66,45.67,14-35-14
40.81,78.19,37.45,Red,Sugarcane,38.1,20.33,11.38,20-20
34.18,46.9,43.25,Sandy,Tobacco,17.14,14.68,9.72,10-26-26
26.74,56.86,54.13,Loamy,Watermelon,66.73,39.51,41.8,14-35-14
37.16,23.45,53.58,Loamy,Watermelon,57.1,34.69,65.28,14-35-14
29.47,44.7,55.44,Red,Paddy,22.66,20.68,25.67,DAP
29.52,70.15,36.29,Black,Barley,61.8,35.87,51.99,17-17-17
21.86,45.27,47.27,Black,Rice,82.02,34.74,37.94,Urea
40.49,64.14,51.04,Red,Pulses,37.83,10.23,27.39,10-26-26
23.84,52.11,29.96,Loamy,Watermelon,62.47,37.1,60.08,14-35-14
27.01,40.6,61.17,Clayey,Millets,56.45,47.45,51.1,17-17-17
26.63,64.64,47.45,Clayey,Sugarcane,62.88,36.86,49.95,14-35-14
33.4,69.47,33.51,Sandy,Paddy,8.38,2.69,4.29,Urea
23.57,52.7,64.26,Clayey,Oil seeds,59.79,58.37,43.39,14-35-14
22.79,76.31,54.39,Clayey,Watermelon,59.59,47.35,40.66,10-26-26
27.18,49.27,48.26,Loamy,Barley,53.25,46.76,39.51,DAP
28.88,60.61,22.19,Red,Ground Nuts,29.97,19.97,23.29,DAP
30.04,43.83,43.1,Clayey,Pulses,63.4,46.67,28.38,14-35-14
20.39,69.41,46.43,Loamy,Millets,55.85,31.83,6.61,DAP
37.17,46.98,53.36,Black,Tobacco,69.97,69.92,44.56,17-17-17
28.12,45.56,35.5,Red,Pulses,46.83,40.03,17.26,10-26-26
27.55,46.18,60.96,Red,Barley,24.89,23.46,20.33,20-20
20.86,72.88,44.88,Clayey,Wheat,61.8,65.32,54.97,14-35-14
34.18,57.66,36.78,Clayey,Millets,54.64,33.83,27.93,17-17-17
24.94,72.04,47.38,Loamy,Ground Nuts,69.11,44.83,25.75,20-20
31.65,49.71,42.69,Red,Ground Nuts,28.22,19.39,18.44,DAP
18.29,63.23,46.9,Clayey,Maize,56.11,45.82,50.77,28-28
24.71,83.27,48.53,Red,Oil seeds,35.94,26.84,15.25,DAP
17.87,43.77,72.02,Red,Maize,38.97,25.74,22.27,DAP
40.68,48.8,50.43,Black,Watermelon,62.91,50.2,64.94,DAP
24.29,70.54,40.59,Clayey,Oil seeds,63.19,40.31,30.68,14-35-14
28.39,67.8,46.57,Red,Sugarcane,14.37,17.67,29.16,20-20
17.96,62.73,61.91,Red,Pulses,36.85,18.02,5.97,10-26-26
24.77,32.72,64.21,Red,Tobacco,32.78,31.5,7.82,10-26-26
27.36,52.91,59.53,Loamy,Wheat,38.09,51.58,39.8,DAP
28.91,73.51,34.41,Clayey,Sugarcane,56.0,31.82,32.01,14-35-14
24.46,76.2,27.37,Clayey,Oil seeds,69.95,38.33,33.21,14-35-14
29.09,81.16,25.62,Clayey,Watermelon,69.47,54.4,43.2,10-26-26
20.94,63.69,61.75,Black,Millets,74.06,41.32,36.69,20-20
30.7,62.44,51.82,Clayey,Oil seeds,77.53,54.74,51.71,14-35-14
18.63,52.43,37.5,Clayey,Rice,81.86,48.87,50.22,Urea
29.55,69.51,51.21,Black,Rice,59.98,38.12,71.45,Urea
37.54,60.99,20.86,Black,Sugarcane,90.33,49.1,49.49,Urea
27.94,55.94,52.75,Loamy,Paddy,53.51,35.78,37.3,Urea
24.6,39.63,47.74,Sandy,Paddy,20.4,15.37,8.51,Urea
31.95,82.04,41.3,Loamy,Rice,52.03,38.17,41.5,Urea
27.98,88.61,17.59,Sandy,Ground Nuts,26.73,4.18,9.25,10-26-26
30.77,12.07,41.08,Red,Millets,50.54,22.92,26.82,28-28
33.44,62.3,16.18,Red,Barley,18.44,2.36,24.57,20-20
35.91,29.52,42.44,Sandy,Wheat,12.97,14.37,10.06,Urea
35.98,48.85,52.73,Black,Paddy,42.92,51.49,56.38,Urea
21.89,87.04,26.73,Black,Watermelon,90.89,38.83,42.98,DAP
29.01,73.06,33.21,Red,Tobacco,28.03,16.51,4.52,10-26-26
24.9,65.34,44.67,Red,Pulses,27.86,25.82,14.49,10-26-26
33.05,51.29,37.12,Red,Barley,18.88,22.23,22.55,20-20
36.98,21.27,48.22,Clayey,Oil seeds,71.98,35.06,56.21,14-35-14
35.43,43.29,65.18,Red,Ground Nuts,30.4,26.2,5.75,DAP
29.56,42.14,42.07,Black,Wheat,65.22,47.04,40.17,17-17-17
20.01,46.27,30.12,Red,Wheat,31.52,24.92,33.21,28-28
24.83,77.17,81.99,Clayey,Tobacco,62.96,29.89,56.11,14-35-14
23.38,83.44,40.89,Red,Maize,39.51,6.37,17.07,DAP
27.47,61.1,57.7,Sandy,Sugarcane,28.82,17.09,10.84,10-26-26
35.8,52.32,27.25,Black,Sugarcane,90.0,50.17,61.45,Urea
24.88,72.15,21.76,Loamy,Watermelon,62.19,35.46,24.51,14-35-14
27.9,55.7,30.98,Loamy,Wheat,47.18,40.21,35.7,DAP
30.97,54.1,29.68,Sandy,Sugarcane,32.34,20.13,10.53,10-26-26
36.02,69.34,32.68,Loamy,Barley,45.68,28.6,31.04,DAP
21.16,64.74,65.49,Sandy,Millets,15.57,11.76,11.56,Urea
26.09,74.26,28.18,Clayey,Oil seeds,53.28,37.84,37.85,14-35-14
35.69,55.82,50.77,Black,Ground Nuts,55.58,41.45,61.18,17-17-17
21.94,67.99,44.91,Loamy,Sugarcane,48.05,36.39,42.54,17-17-17
29.61,47.06,39.18,Loamy,Tobacco,43.04,45.45,50.5,20-20
21.44,62.0,50.26,Clayey,Maize,60.44,62.51,42.39,28-28
25.43,52.34,47.74,Black,Cotton,75.08,38.37,71.56,DAP
27.84,48.5,73.74,Sandy,Ground Nuts,9.31,19.57,11.92,10-26-26
25.41,38.38,53.37,Sandy,Sugarcane,26.15,15.76,3.47,10-26-26
33.72,81.81,47.17,Clayey,Paddy,62.07,52.66,54.19,Urea
26.22,56.38,55.57,Clayey,Pulses,48.29,32.98,55.06,14-35-14
26.3,66.46,33.03,Loamy,Ground Nuts,63.77,37.19,64.85,20-20
28.43,72.26,47.41,Clayey,Barley,47.56,47.2,35.6,28-28
28.31,59.99,80.65,Black,Paddy,70.85,49.56,49.76,Urea
34.83,79.82,16.4,Sandy,Watermelon,29.42,8.21,9.79,17-17-17
29.51,45.01,48.3,Red,Millets,35.47,24.53,13.13,28-28
24.85,37.19,11.87,Loamy,Pulses,35.2,50.27,47.36,20-20
30.23,66.35,20.93,Sandy,Sugarcane,17.26,13.04,20.41,10-26-26
22.2,66.12,68.66,Loamy,Paddy,45.04,40.6,35.41,Urea
18.54,82.28,30.98,Loamy,Rice,67.27,40.94,45.86,Urea
23.57,28.76,55.91,Sandy,Tobacco,12.08,5.98,22.87,10-26-26
25.38,68.5,65.05,Sandy,Cotton,9.13,11.14,24.9,14-35-14
26.94,36.07,14.41,Loamy,Cotton,68.72,33.57,50.18,14-35-14
26.25,65.8,48.08,Loamy,Wheat,70.12,51.77,42.12,DAP
15.45,58.51,43.9,Loamy,Cotton,63.79,32.87,40.45,14-35-14
22.96,32.23,36.23,Sandy,Maize,18.82,8.19,16.59,DAP
29.24,38.51,65.28,Sandy,Oil seeds,18.89,16.35,17.17,20-20
18.71,54.78,74.61,Red,Barley,14.65,12.97,24.56,20-20
29.09,72.82,45.14,Sandy,Cotton,20.03,18.36,13.83,14-35-14
30.07,38.21,65.43,Sandy,Millets,25.94,13.32,20.38,Urea
30.38,79.89,56.65,Sandy,Barley,18.9,1.38,20.21,Urea
24.19,53.85,47.01,Sandy,Tobacco,28.69,6.37,10.49,10-26-26
19.14,54.55,70.67,Loamy,Millets,31.73,26.85,48.9,DAP
36.0,66.98,51.4,Red,Paddy,18.27,20.48,31.92,DAP
19.81,71.58,47.38,Clayey,Paddy,59.66,34.92,37.02,Urea
32.35,60.36,20.54,Clayey,Watermelon,58.75,56.63,42.57,10-26-26
27.13,48.2,46.23,Black,Ground Nuts,70.11,52.74,50.78,17-17-17
25.6,67.4,45.24,Loamy,Wheat,52.57,31.53,33.36,DAP
19.42,70.16,44.88,Loamy,Watermelon,71.85,49.5,42.45,14-35-14
23.59,66.06,58.5,Loamy,Millets,64.58,38.13,20.56,DAP
27.09,63.14,45.91,Sandy,Barley,22.61,5.71,24.73,Urea
31.45,58.36,47.95,Clayey,Ground Nuts,72.85,32.0,40.32,14-35-14
24.82,65.88,46.97,Black,Cotton,49.53,45.41,47.14,DAP
27.81,47.49,66.35,Red,Sugarcane,18.75,14.46,14.53,20-20
18.77,77.76,46.32,Black,Tobacco,73.89,45.73,56.35,17-17-17
20.16,89.94,36.5,Sandy,Ground Nuts,14.88,12.1,9.86,10-26-26
28.19,44.06,36.88,Red,Maize,26.78,10.96,34.99,DAP
39.81,46.43,67.76,Black,Ground Nuts,76.01,38.48,43.23,17-17-17
26.51,66.51,28.76,Clayey,Cotton,52.88,50.43,49.86,17-17-17
25.03,42.07,54.37,Clayey,Tobacco,60.31,47.43,45.64,14-35-14
27.53,59.61,27.45,Black,Barley,74.95,65.02,53.46,17-17-17
34.94,43.21,37.9,Black,Barley,79.9,55.72,55.86,17-17-17
31.81,59.55,42.39,Black,Barley,84.49,58.79,46.83,17-17-17
19.02,76.82,56.26,Loamy,Barley,45.69,47.96,19.14,DAP
25.44,86.79,49.46,Black,Wheat,83.91,28.29,50.47,17-17-17
29.33,56.12,21.57,Sandy,Maize,19.53,14.26,13.56,DAP
40.29,66.2,44.38,Loamy,Ground Nuts,59.3,51.9,33.97,20-20
30.25,61.24,45.55,Clayey,Maize,55.18,64.6,55.99,28-28
23.7,63.22,47.16,Clayey,Barley,74.81,54.82,44.32,28-28
25.83,71.31,14.12,Loamy,Barley,67.66,42.75,33.4,DAP
32.15,42.67,26.17,Black,Paddy,75.41,46.03,53.96,Urea
23.85,68.37,61.95,Red,Pulses,30.72,25.01,41.26,10-26-26
36.63,50.56,42.47,Black,Oil seeds,62.96,61.04,69.11,17-17-17
32.12,85.34,58.06,Loamy,Millets,48.75,26.55,42.05,DAP
29.19,71.86,51.31,Loamy,Barley,40.87,35.89,45.11,DAP
23.97,52.38,40.68,Red,Rice,18.13,15.72,34.6,DAP
21.42,76.88,29.4,Loamy,Wheat,59.51,34.8,32.31,DAP
19.21,67.85,34.42,Loamy,Wheat,91.36,43.42,32.94,DAP
30.76,57.19,27.67,Loamy,Maize,45.33,40.66,18.54,20-20
31.62,84.72,48.54,Clayey,Oil seeds,56.7,44.51,35.31,14-35-14
25.5,100.0,62.26,Clayey,Cotton,67.64,53.14,17.09,17-17-17
34.71,39.68,57.08,Red,Oil seeds,31.54,16.1,17.16,DAP
28.06,64.8,59.95,Clayey,Oil seeds,58.72,57.06,43.16,14-35-14
30.96,66.14,50.35,Red,Barley,39.55,15.13,19.69,20-20
33.21,57.51,36.29,Black,Barley,78.51,46.63,31.12,17-17-17
26.27,40.86,64.6,Loamy,Oil seeds,68.21,42.69,37.56,10-26-26
21.56,64.62,45.43,Sandy,Paddy,22.18,17.52,11.94,Urea
30.96,53.77,48.08,Loamy,Millets,63.96,33.47,42.96,DAP
34.06,51.4,51.74,Red,Watermelon,17.04,29.26,30.85,20-20
31.66,65.2,55.45,Loamy,Cotton,45.73,34.76,36.09,14-35-14
31.23,44.77,53.07,Red,Wheat,32.45,12.44,10.06,28-28
26.83,48.24,34.64,Loamy,Pulses,48.96,42.94,42.63,20-20
36.03,47.96,20.21,Black,Sugarcane,63.11,51.51,47.37,Urea
22.69,61.73,30.51,Black,Barley,54.96,37.96,48.13,17-17-17
19.25,63.52,59.32,Clayey,Wheat,41.23,49.4,43.51,14-35-14
29.22,67.1,42.13,Red,Maize,29.62,28.27,16.04,DAP
28.63,70.04,61.87,Clayey,Ground Nuts,72.19,38.38,46.22,14-35-14
22.75,64.4,64.21,Loamy,Maize,57.29,39.61,38.51,20-20
28.27,51.34,47.19,Red,Wheat,18.82,21.18,19.52,28-28
39.67,38.54,21.83,Black,Watermelon,67.32,55.77,59.53,DAP
28.24,63.04,39.31,Clayey,Ground Nuts,66.66,57.48,47.09,14-35-14
19.81,41.1,54.36,Black,Millets,71.82,52.19,54.26,20-20
25.89,48.89,39.22,Sandy,Oil seeds,9.25,10.59,19.45,20-20
28.51,62.29,45.09,Loamy,Ground Nuts,51.24,42.76,19.99,20-20
27.16,10.02,30.48,Clayey,Watermelon,55.12,52.26,26.92,10-26-26
26.48,58.79,5.0,Loamy,Maize,67.09,40.26,45.18,20-20
34.34,18.26,43.69,Loamy,Barley,53.15,29.15,43.19,DAP
27.01,74.58,43.59,Black,Sugarcane,59.94,53.17,51.44,Urea
31.17,32.7,30.07,Black,Wheat,84.19,41.67,38.03,17-17-17
30.86,44.05,34.29,Black,Watermelon,55.05,38.93,42.7,DAP
29.69,65.86,23.51,Loamy,Ground Nuts,60.19,22.7,36.49,20-20
25.81,54.23,31.9,Red,Maize,27.22,27.74,15.87,DAP
29.22,46.69,55.37,Red,Wheat,25.42,11.92,15.95,28-28
29.17,55.59,39.85,Red,Pulses,23.6,13.58,21.15,10-26-26
26.81,68.43,42.26,Sandy,Tobacco,27.52,12.47,28.99,10-26-26
20.47,57.15,45.98,Red,Paddy,12.37,24.64,14.88,DAP
25.34,52.35,47.66,Clayey,Wheat,52.1,45.03,50.41,14-35-14
37.95,68.66,64.54,Clayey,Millets,61.71,39.28,49.41,17-17-17
30.08,69.88,48.48,Sandy,Barley,18.02,9.42,12.12,Urea
26.75,41.24,30.18,Clayey,Sugarcane,70.15,40.6,50.65,14-35-14
21.61,44.24,68.79,Loamy,Oil seeds,77.25,25.53,56.02,10-26-26
24.91,73.71,55.15,Black,Millets,44.62,60.09,47.47,20-20
29.47,71.23,48.77,Sandy,Rice,32.47,13.76,16.31,Urea
33.63,39.9,57.13,Clayey,Tobacco,52.58,54.09,46.11,14-35-14
26.9,69.21,56.36,Black,Watermelon,61.6,48.88,52.14,DAP
21.43,61.23,59.97,Clayey,Sugarcane,84.25,41.58,47.31,14-35-14
35.96,36.73,41.8,Clayey,Cotton,40.11,45.14,23.39,17-17-17
24.4,72.54,49.95,Sandy,Wheat,22.39,11.02,18.67,Urea
29.14,54.66,73.95,Black,Barley,89.83,37.58,39.74,17-17-17
27.45,29.45,54.66,Clayey,Oil seeds,49.78,41.68,46.19,14-35-14
33.35,44.62,50.55,Red,Watermelon,37.78,11.04,24.76,20-20
30.17,55.48,46.42,Red,Watermelon,36.59,19.0,18.83,20-20
31.2,67.65,53.68,Clayey,Barley,67.64,26.25,54.39,28-28
29.65,64.85,38.35,Loamy,Cotton,74.02,42.56,43.35,14-35-14
28.48,58.74,21.41,Sandy,Barley,23.91,14.73,11.9,Urea
35.32,55.42,39.1,Red,Millets,36.35,7.94,11.03,28-28
26.41,57.88,32.66,Clayey,Watermelon,65.68,44.84,28.35,10-26-26
26.22,59.16,55.0,Red,Watermelon,26.13,18.08,25.43,20-20
19.54,50.48,66.71,Sandy,Oil seeds,24.3,10.38,17.28,20-20
33.17,56.27,37.41,Red,Sugarcane,42.67,16.11,12.08,20-20
27.4,55.41,42.78,Clayey,Barley,47.74,49.68,49.25,28-28
16.86,35.01,54.94,Loamy,Sugarcane,46.71,41.48,49.08,17-17-17
28.2,76.52,67.13,Loamy,Watermelon,60.06,28.52,34.88,14-35-14
28.57,61.04,54.02,Clayey,Rice,62.82,32.42,38.74,Urea
24.11,30.48,40.21,Loamy,Pulses,37.96,49.58,41.49,20-20
28.19,65.91,43.78,Clayey,Oil seeds,77.29,55.98,45.74,14-35-14
32.74,63.37,52.53,Clayey,Sugarcane,81.88,29.8,42.66,14-35-14
30.61,95.59,42.12,Red,Rice,28.62,21.77,13.57,DAP
30.5,58.15,47.83,Sandy,Rice,32.17,17.55,25.46,Urea
30.33,53.41,40.09,Clayey,Paddy,63.87,37.63,53.8,Urea
23.41,41.51,55.03,Clayey,Oil seeds,61.03,33.72,35.54,14-35-14
30.88,76.09,54.26,Sandy,Oil seeds,15.18,15.11,24.93,20-20
31.29,79.08,57.03,Loamy,Wheat,42.31,36.72,31.19,DAP
26.09,61.77,34.6,Sandy,Barley,18.5,10.55,26.73,Urea
22.91,77.21,55.21,Loamy,Wheat,60.07,49.62,39.13,DAP
28.16,63.86,48.32,Sandy,Paddy,16.94,8.0,20.04,Urea
18.76,69.96,36.13,Black,Ground Nuts,79.73,48.63,37.56,17-17-17
20.1,41.84,20.8,Black,Barley,78.5,69.98,72.08,17-17-17
31.28,76.56,49.68,Red,Rice,46.55,23.41,26.17,DAP
28.3,43.44,42.72,Sandy,Tobacco,20.1,12.65,15.37,10-26-26
17.18,42.1,47.7,Clayey,Watermelon,52.04,40.8,39.91,10-26-26
17.59,83.81,70.16,Black,Cotton,66.36,68.13,62.43,DAP
28.66,77.89,41.55,Red,Oil seeds,11.91,19.87,29.15,DAP
30.98,65.02,51.24,Red,Wheat,28.07,23.08,14.2,28-28
38.57,77.58,51.02,Black,Millets,65.96,42.5,66.0,20-20
32.48,52.0,48.39,Clayey,Oil seeds,74.94,37.85,49.36,14-35-14
28.99,65.73,44.6,Clayey,Maize,64.47,39.4,47.71,28-28
21.86,66.42,46.83,Loamy,Tobacco,52.34,41.72,42.94,20-20
28.42,36.74,22.59,Red,Sugarcane,37.7,23.13,8.34,20-20
29.94,57.95,37.78,Sandy,Watermelon,29.15,13.28,20.61,17-17-17
34.65,60.55,60.04,Loamy,Cotton,12.61,42.79,37.31,14-35-14
34.23,73.1,50.08,Black,Maize,81.82,28.15,53.54,17-17-17
28.28,62.26,36.77,Sandy,Pulses,27.11,4.1,6.92,DAP
21.5,33.76,63.82,Clayey,Paddy,62.29,37.17,59.94,Urea
34.29,47.96,21.76,Clayey,Ground Nuts,64.09,30.53,30.18,14-35-14
21.15,49.67,47.14,Red,Rice,24.95,36.09,30.19,DAP
25.99,78.99,44.24,Sandy,Oil seeds,10.99,9.32,7.17,20-20
25.78,64.13,33.02,Loamy,Barley,66.87,35.07,46.23,DAP
26.59,54.8,41.73,Sandy,Tobacco,20.69,8.16,12.48,10-26-26
31.38,49.6,31.85,Sandy,Maize,21.24,17.82,10.91,DAP
31.32,56.85,55.47,Red,Cotton,12.63,36.52,17.04,28-28
24.1,56.36,52.54,Black,Rice,92.88,52.33,51.55,Urea
28.46,47.73,41.97,Loamy,Sugarcane,60.74,39.64,43.49,17-17-17
28.57,49.71,23.97,Loamy,Sugarcane,47.67,41.85,42.46,17-17-17
29.35,73.76,34.86,Sandy,Cotton,23.56,17.76,20.58,14-35-14
25.76,54.38,56.8,Black,Cotton,51.36,71.2,50.87,DAP
37.1,67.81,41.17,Black,Ground Nuts,61.99,39.65,47.91,17-17-17
30.72,50.07,42.67,Red,Barley,25.37,32.87,26.86,20-20
24.39,77.16,20.06,Loamy,Tobacco,48.27,30.37,22.56,20-20
27.79,64.57,48.47,Loamy,Millets,46.37,34.75,34.35,DAP
31.84,67.3,44.18,Clayey,Millets,63.36,45.95,50.17,17-17-17
35.53,77.47,43.69,Clayey,Tobacco,70.08,28.54,39.5,14-35-14
26.94,50.58,40.68,Loamy,Paddy,36.26,36.7,55.03,Urea
33.69,64.64,36.54,Clayey,Cotton,63.75,36.46,32.19,17-17-17
29.44,57.04,22.41,Sandy,Cotton,19.26,14.06,13.95,14-35-14
25.38,57.62,22.99,Loamy,Paddy,42.09,56.41,53.13,Urea
25.39,63.78,34.8,Red,Pulses,35.05,39.42,10.12,10-26-26
30.25,65.25,35.21,Clayey,Rice,53.21,52.97,36.76,Urea
23.84,27.17,65.04,Black,Wheat,69.81,47.21,59.69,17-17-17
22.03,53.03,49.32,Sandy,Tobacco,20.42,6.79,20.36,10-26-26
37.33,100.0,45.3,Clayey,Cotton,64.71,35.87,25.81,17-17-17
30.39,52.62,51.15,Black,Ground Nuts,61.89,38.45,64.49,17-17-17
29.29,61.72,57.23,Sandy,Wheat,25.5,16.58,14.3,Urea
34.63,63.17,68.31,Sandy,Watermelon,16.46,4.2,11.35,17-17-17
32.47,78.03,43.59,Clayey,Watermelon,65.98,32.09,42.64,10-26-26
21.9,53.57,61.03,Red,Maize,17.41,14.18,23.21,DAP
34.44,61.1,42.94,Red,Wheat,27.89,24.97,18.93,28-28
22.23,56.6,40.02,Clayey,Watermelon,53.88,46.17,34.11,10-26-26
30.25,49.39,36.92,Clayey,Rice,70.11,32.56,80.29,Urea
32.13,59.55,37.22,Red,Watermelon,33.72,15.53,21.39,20-20
20.88,77.12,46.13,Red,Ground Nuts,22.55,0.67,5.78,DAP
29.06,51.06,52.93,Clayey,Maize,66.18,51.38,37.73,28-28
39.72,59.63,48.47,Red,Oil seeds,33.03,17.13,20.1,DAP
28.28,41.35,24.14,Sandy,Tobacco,28.02,4.62,16.63,10-26-26
32.09,63.4,29.19,Black,Watermelon,72.12,58.9,49.19,DAP
25.14,72.85,71.94,Black,Barley,60.45,41.6,42.55,17-17-17
34.49,55.45,50.7,Red,Cotton,42.15,22.9,19.28,28-28
15.41,40.56,47.64,Red,Watermelon,38.97,31.53,8.58,20-20
24.57,36.08,36.07,Clayey,Cotton,58.29,42.0,51.9,17-17-17
25.4,60.71,43.93,Red,Oil seeds,12.73,19.21,28.88,DAP
19.22,93.27,45.86,Red,Millets,41.06,29.67,17.63,28-28
24.24,53.03,40.04,Clayey,Maize,52.69,66.21,45.01,28-28
24.75,72.2,26.34,Clayey,Oil seeds,72.6,47.51,44.64,14-35-14
33.61,69.65,21.42,Black,Rice,57.19,35.66,60.34,Urea
29.35,59.34,31.63,Clayey,Pulses,56.62,37.09,57.76,14-35-14
22.74,63.11,60.9,Loamy,Oil seeds,30.12,41.85,35.71,10-26-26
17.35,43.65,42.87,Clayey,Barley,60.61,35.86,28.78,28-28
31.32,61.75,44.47,Clayey,Maize,54.99,33.21,43.94,28-28
24.41,52.94,37.27,Red,Ground Nuts,37.85,17.51,27.45,DAP
37.97,48.29,31.95,Sandy,Barley,20.47,18.41,24.41,Urea
24.79,36.64,31.6,Clayey,Paddy,55.26,42.32,49.99,Urea
25.37,64.19,12.61,Black,Rice,83.25,32.28,54.95,Urea
28.66,64.75,50.53,Loamy,Paddy,54.23,33.95,34.3,Urea
25.72,77.5,76.38,Red,Millets,36.62,10.12,15.87,28-28
29.62,74.57,58.16,Clayey,Cotton,48.99,60.05,46.92,17-17-17
26.49,70.29,28.27,Black,Tobacco,54.3,41.79,43.16,17-17-17
19.7,54.16,41.58,Loamy,Sugarcane,47.36,47.35,48.97,17-17-17
30.57,75.3,40.85,Red,Rice,24.25,15.88,13.47,DAP
29.21,60.61,39.86,Black,Paddy,78.22,57.3,60.7,Urea
37.1,56.21,34.48,Clayey,Maize,63.59,49.35,38.16,28-28
33.15,39.25,9.94,Red,Maize,26.26,20.47,22.62,DAP
29.47,37.97,54.54,Black,Ground Nuts,76.38,51.77,37.11,17-17-17
28.32,54.55,50.27,Black,Watermelon,82.38,52.13,47.94,DAP
35.47,54.72,41.09,Clayey,Sugarcane,54.7,44.36,31.0,14-35-14
23.66,44.09,38.7,Clayey,Tobacco,55.11,35.32,56.79,14-35-14
24.26,61.32,15.51,Red,Ground Nuts,25.25,21.1,3.84,DAP
36.5,38.04,63.09,Black,Maize,42.79,58.42,53.31,17-17-17
27.51,34.57,37.38,Loamy,Millets,56.91,35.87,30.98,DAP
18.19,70.66,59.15,Loamy,Oil seeds,81.87,42.51,23.98,10-26-26
31.66,55.36,51.07,Red,Watermelon,32.91,26.98,20.26,20-20
28.13,74.51,65.51,Clayey,Paddy,64.54,48.49,54.02,Urea
20.41,46.02,63.26,Red,Watermelon,28.45,23.85,7.19,20-20
31.19,80.0,42.93,Clayey,Watermelon,68.75,39.33,41.94,10-26-26
38.72,58.63,63.2,Loamy,Rice,79.21,43.5,53.4,Urea
25.22,38.96,76.37,Loamy,Barley,51.68,27.46,33.28,DAP
27.76,46.75,61.86,Clayey,Barley,74.49,55.38,44.67,28-28
27.96,51.24,41.92,Black,Sugarcane,48.01,49.25,51.29,Urea
26.56,72.74,54.96,Clayey,Rice,78.84,37.31,41.75,Urea
23.61,56.85,38.86,Loamy,Watermelon,56.47,37.43,24.42,14-35-14
27.24,71.28,67.82,Loamy,Pulses,42.07,26.65,57.68,20-20
22.23,72.48,44.45,Sandy,Watermelon,20.74,11.74,24.07,17-17-17
20.95,40.53,23.07,Sandy,Sugarcane,16.9,8.55,19.28,10-26-26
13.64,45.25,66.02,Loamy,Millets,44.25,39.15,46.99,DAP
28.24,41.18,39.52,Loamy,Sugarcane,44.72,37.38,29.34,17-17-17
28.02,56.3,48.95,Black,Tobacco,67.5,50.73,43.87,17-17-17
18.48,57.86,58.86,Sandy,Sugarcane,27.62,7.02,17.78,10-26-26
26.62,63.83,61.4,Loamy,Paddy,64.36,38.3,29.02,Urea
29.67,66.55,64.9,Sandy,Wheat,18.76,0.25,17.58,Urea
29.94,63.91,38.24,Loamy,Cotton,61.01,49.97,37.16,14-35-14
34.9,78.31,49.53,Sandy,Sugarcane,26.25,11.9,11.55,10-26-26
28.79,61.07,31.44,Clayey,Cotton,60.75,30.18,47.74,17-17-17
39.83,38.42,41.62,Clayey,Watermelon,67.67,55.9,44.98,10-26-26
31.2,39.41,55.3,Red,Sugarcane,18.47,0.0,16.78,20-20
30.81,78.67,48.02,Sandy,Maize,27.53,11.23,12.81,DAP
18.47,65.31,51.96,Red,Paddy,33.92,17.27,21.97,DAP
39.37,59.25,44.15,Loamy,Watermelon,71.72,35.85,23.55,14-35-14
22.11,45.42,48.54,Clayey,Pulses,58.35,45.8,32.26,14-35-14
36.55,58.43,42.47,Clayey,Ground Nuts,49.46,54.5,34.32,14-35-14
42.58,52.52,48.39,Sandy,Tobacco,17.11,16.99,15.82,10-26-26
27.28,33.61,58.01,Sandy,Millets,19.61,11.75,18.52,Urea
26.5,43.9,47.31,Sandy,Rice,17.3,9.99,25.47,Urea
29.55,69.65,5.19,Loamy,Oil seeds,36.84,30.28,35.1,10-26-26
29.34,67.81,43.92,Black,Oil seeds,82.7,38.11,33.85,17-17-17
33.95,64.49,49.77,Black,Oil seeds,65.23,52.76,37.66,17-17-17
17.81,62.75,27.3,Clayey,Wheat,44.6,50.29,30.14,14-35-14
32.0,98.76,63.73,Clayey,Wheat,63.98,47.05,47.16,14-35-14
18.22,53.92,42.07,Red,Cotton,33.33,27.35,40.55,28-28
24.57,86.21,45.77,Loamy,Paddy,51.61,37.19,24.63,Urea
33.61,70.56,26.69,Clayey,Pulses,51.22,48.83,53.19,14-35-14
24.63,73.43,44.08,Red,Rice,27.45,21.83,21.99,DAP
34.16,60.3,23.95,Sandy,Millets,17.04,14.18,16.49,Urea
30.87,71.92,52.73,Sandy,Rice,7.24,9.26,9.63,Urea
34.19,80.59,51.16,Clayey,Cotton,55.37,52.5,42.94,17-17-17
35.51,52.28,74.68,Black,Cotton,61.94,46.68,59.21,DAP
33.16,74.09,19.82,Clayey,Pulses,70.44,42.68,53.87,14-35-14
21.98,80.24,37.9,Clayey,Rice,73.33,43.36,56.82,Urea
30.19,65.01,34.54,Loamy,Rice,39.23,39.55,49.53,Urea
29.84,58.33,41.24,Sandy,Barley,15.65,15.83,5.67,Urea
29.69,86.75,36.56,Black,Ground Nuts,47.63,45.42,63.13,17-17-17
26.83,54.21,45.06,Black,Paddy,87.37,40.14,42.32,Urea
18.03,43.08,53.72,Black,Wheat,64.66,53.86,58.77,17-17-17
29.46,60.15,61.86,Clayey,Oil seeds,71.65,55.42,56.51,14-35-14
29.89,39.35,23.24,Red,Cotton,42.09,16.54,14.71,28-28
37.26,51.07,55.78,Red,Ground Nuts,37.68,3.27,12.47,DAP
33.17,39.44,50.94,Clayey,Oil seeds,55.48,42.87,63.34,14-35-14
20.45,55.66,22.97,Clayey,Barley,67.71,54.96,58.06,28-28
18.23,44.14,42.63,Black,Pulses,78.18,55.24,60.92,17-17-17
25.16,49.53,54.31,Clayey,Ground Nuts,51.35,46.89,54.32,14-35-14
23.51,54.98,41.65,Clayey,Oil seeds,57.53,42.22,59.48,14-35-14
25.48,52.93,13.98,Red,Cotton,45.21,25.02,15.95,28-28
24.44,69.17,48.76,Clayey,Sugarcane,66.93,34.92,49.36,14-35-14
32.63,69.12,60.49,Clayey,Wheat,69.73,48.44,60.44,14-35-14
26.16,13.76,51.02,Black,Millets,59.37,39.94,57.76,20-20
36.04,55.26,41.23,Red,Rice,25.88,19.28,28.39,DAP
26.38,64.11,58.62,Loamy,Wheat,52.1,32.23,31.75,DAP
19.33,63.1,56.38,Loamy,Paddy,69.72,51.76,51.57,Urea
21.7,69.69,52.25,Red,Tobacco,16.69,17.63,18.24,10-26-26
27.64,73.91,32.02,Clayey,Paddy,73.76,50.4,48.03,Urea
25.01,70.57,64.31,Loamy,Oil seeds,66.34,28.11,41.37,10-26-26
31.4,61.28,27.34,Loamy,Sugarcane,56.64,47.44,31.2,17-17-17
27.45,53.47,52.05,Red,Watermelon,36.26,23.61,21.93,20-20
34.28,62.11,38.01,Sandy,Watermelon,12.47,9.67,5.95,17-17-17
25.69,60.16,34.65,Black,Millets,67.86,51.22,53.5,20-20
31.54,63.29,35.97,Clayey,Oil seeds,68.17,48.72,38.76,14-35-14
22.09,30.51,62.35,Clayey,Tobacco,54.79,50.26,35.3,14-35-14
30.27,56.5,61.94,Clayey,Sugarcane,68.2,31.66,35.34,14-35-14
19.83,59.71,75.75,Loamy,Millets,54.55,49.14,48.93,DAP
33.43,42.3,50.12,Black,Paddy,75.19,44.78,39.64,Urea
29.8,47.05,44.53,Loamy,Wheat,30.07,56.43,36.8,DAP
11.74,63.64,46.85,Black,Sugarcane,78.82,35.96,68.14,Urea
27.84,36.13,48.92,Black,Wheat,77.51,51.12,50.62,17-17-17
33.12,62.63,24.95,Black,Sugarcane,90.35,51.57,68.97,Urea
32.69,74.84,36.61,Red,Tobacco,21.08,31.86,27.5,10-26-26
31.02,46.12,51.51,Red,Wheat,26.24,27.6,19.37,28-28
27.37,49.26,61.33,Sandy,Paddy,28.85,4.58,19.42,Urea
26.08,91.67,52.84,Clayey,Watermelon,51.39,42.12,58.54,10-26-26
32.44,73.41,56.32,Red,Millets,18.69,24.66,21.08,28-28
30.1,68.36,43.85,Black,Maize,58.36,29.73,50.19,17-17-17
21.8,76.38,64.32,Sandy,Pulses,18.52,6.11,3.76,DAP
29.29,66.39,31.51,Red,Rice,34.17,17.18,27.39,DAP
27.6,66.0,65.41,Red,Oil seeds,34.45,13.6,14.92,DAP
24.95,56.82,42.5,Sandy,Maize,11.09,14.14,21.18,DAP
22.34,75.97,79.19,Black,Wheat,55.08,51.18,42.82,17-17-17
28.51,57.29,54.35,Clayey,Pulses,55.27,35.72,26.57,14-35-14
27.19,86.71,32.02,Red,Watermelon,36.65,15.3,18.4,20-20
24.14,57.37,73.44,Black,Cotton,82.21,51.39,46.57,DAP
25.75,57.49,63.5,Loamy,Sugarcane,69.37,53.66,41.29,17-17-17
28.25,58.32,59.27,Black,Cotton,66.24,60.5,77.83,DAP
16.77,83.72,38.9,Loamy,Sugarcane,47.49,52.08,41.45,17-17-17
36.37,65.51,46.97,Clayey,Oil seeds,37.74,36.43,49.75,14-35-14
32.32,58.65,52.42,Clayey,Rice,80.88,42.66,40.74,Urea
28.77,21.52,51.01,Sandy,Maize,16.8,10.14,7.42,DAP
24.6,40.73,52.66,Loamy,Rice,65.72,30.99,48.88,Urea
35.04,66.89,34.19,Sandy,Barley,17.99,11.1,7.21,Urea
29.89,61.75,47.2,Red,Tobacco,26.87,9.97,13.77,10-26-26
30.85,38.14,75.61,Loamy,Ground Nuts,55.6,22.42,44.08,20-20
25.77,72.02,68.59,Sandy,Pulses,14.07,16.71,16.9,DAP
24.49,93.99,46.75,Clayey,Ground Nuts,62.46,57.41,15.47,14-35-14
34.5,75.17,55.3,Sandy,Tobacco,16.36,5.86,12.77,10-26-26
27.24,40.91,37.93,Loamy,Barley,37.89,45.97,28.62,DAP
18.91,56.85,34.37,Clayey,Sugarcane,66.69,52.12,21.86,14-35-14
30.17,63.76,18.44,Black,Watermelon,102.88,51.44,71.24,DAP
23.99,67.16,25.2,Clayey,Oil seeds,77.34,25.9,57.77,14-35-14
24.3,75.82,44.46,Clayey,Millets,76.4,59.51,33.18,17-17-17
28.69,36.93,13.32,Sandy,Wheat,13.47,12.32,26.76,Urea
22.51,81.44,31.43,Clayey,Wheat,49.51,32.42,36.06,14-35-14
17.2,57.05,22.72,Clayey,Barley,62.79,42.63,53.25,28-28
26.08,58.7,36.67,Clayey,Tobacco,64.74,53.62,25.29,14-35-14
28.98,82.85,29.98,Red,Oil seeds,46.79,19.18,28.86,DAP
28.79,72.67,59.14,Sandy,Wheat,14.4,18.04,11.1,Urea
24.88,77.88,47.54,Clayey,Cotton,39.29,45.15,33.75,17-17-17
30.91,98.1,55.42,Loamy,Cotton,37.49,69.98,39.38,14-35-14
26.32,68.18,72.05,Clayey,Oil seeds,61.59,57.24,48.52,14-35-14
27.02,52.53,57.52,Black,Maize,47.71,29.76,44.85,17-17-17
18.34,60.79,41.11,Black,Pulses,58.71,46.09,41.14,17-17-17
26.4,62.16,17.49,Clayey,Watermelon,60.74,31.6,56.94,10-26-26
37.67,35.47,16.55,Sandy,Pulses,17.21,10.86,10.99,DAP
27.83,68.05,51.53,Loamy,Millets,61.26,21.46,50.87,DAP
30.1,47.15,46.47,Red,Cotton,36.55,12.05,26.49,28-28
28.24,53.63,73.37,Black,Paddy,71.23,34.48,33.88,Urea
27.68,39.6,51.05,Black,Oil seeds,62.59,58.49,56.99,17-17-17
28.52,55.59,15.43,Loamy,Maize,51.15,35.57,43.72,20-20
31.5,69.25,58.02,Red,Sugarcane,32.67,17.66,2.6,20-20
26.25,71.2,35.52,Black,Ground Nuts,55.04,52.12,49.09,17-17-17
32.23,60.66,52.95,Loamy,Tobacco,67.51,39.31,34.01,20-20
28.58,73.79,71.97,Sandy,Barley,11.93,13.58,30.16,Urea
21.22,50.29,40.05,Sandy,Ground Nuts,21.66,8.72,14.73,10-26-26
23.48,55.78,42.03,Clayey,Tobacco,59.98,34.57,56.16,14-35-14
18.44,79.67,41.64,Black,Watermelon,77.6,66.79,43.02,DAP
34.33,29.81,73.16,Red,Barley,40.44,19.56,27.43,20-20
25.42,53.58,43.03,Loamy,Cotton,49.55,42.57,49.17,14-35-14
32.99,66.12,51.79,Black,Cotton,90.46,66.15,46.99,DAP
17.25,47.63,65.0,Sandy,Wheat,29.86,6.77,17.02,Urea
26.58,64.02,22.8,Sandy,Millets,9.26,10.42,12.58,Urea
26.84,80.9,57.59,Sandy,Paddy,19.2,14.05,14.66,Urea
21.17,45.55,35.64,Black,Tobacco,87.82,26.62,47.58,17-17-17
17.56,55.59,28.68,Loamy,Tobacco,62.19,33.95,31.39,20-20
27.65,67.28,33.41,Loamy,Maize,65.0,36.38,26.73,20-20
25.71,56.64,48.58,Black,Sugarcane,94.52,45.74,67.69,Urea
24.58,44.77,45.32,Sandy,Oil seeds,25.17,7.42,11.95,20-20
32.52,75.83,54.99,Red,Wheat,29.67,23.35,20.22,28-28
25.77,49.4,62.73,Black,Maize,73.47,56.45,51.65,17-17-17
25.01,61.0,50.62,Clayey,Paddy,61.08,57.18,22.28,Urea
27.94,56.07,28.01,Red,Oil seeds,38.07,2.25,25.97,DAP
34.01,50.99,38.07,Sandy,Cotton,6.89,7.87,16.97,14-35-14
25.32,38.18,45.26,Clayey,Sugarcane,61.97,48.68,42.05,14-35-14
29.01,44.72,70.29,Clayey,Sugarcane,59.7,48.75,43.99,14-35-14
28.38,47.23,33.04,Clayey,Oil seeds,51.82,54.68,60.28,14-35-14
26.76,60.7,65.97,Red,Wheat,36.29,10.85,10.85,28-28
24.92,46.67,48.4,Sandy,Millets,20.65,7.59,10.93,Urea
21.55,50.45,51.29,Sandy,Barley,12.13,11.54,20.94,Urea
26.63,48.77,58.02,Red,Ground Nuts,33.9,25.45,29.63,DAP
24.09,52.63,49.49,Red,Ground Nuts,28.14,27.59,11.1,DAP
35.14,51.15,43.38,Black,Millets,83.63,37.84,53.98,20-20
23.3,80.19,43.48,Black,Tobacco,76.27,48.58,54.23,17-17-17
29.44,54.01,52.5,Black,Millets,71.46,55.04,54.87,20-20
40.71,83.16,38.42,Sandy,Sugarcane,35.4,13.88,13.75,10-26-26
21.91,75.27,56.55,Loamy,Watermelon,61.7,30.89,38.26,14-35-14
18.48,81.94,49.11,Loamy,Pulses,45.8,23.19,39.19,20-20
31.49,60.38,21.85,Black,Watermelon,47.9,44.1,58.92,DAP
27.36,48.77,46.79,Clayey,Barley,56.72,48.72,39.97,28-28
25.5,61.93,55.32,Black,Ground Nuts,91.06,38.19,44.97,17-17-17
27.4,63.83,81.09,Sandy,Rice,22.86,14.37,15.1,Urea
32.63,81.35,62.81,Loamy,Watermelon,48.78,45.09,42.99,14-35-14
20.88,39.12,57.53,Loamy,Ground Nuts,68.38,52.25,28.62,20-20
35.33,76.12,39.6,Loamy,Sugarcane,45.44,40.53,32.01,17-17-17
39.14,65.36,48.06,Loamy,Oil seeds,53.72,31.02,48.48,10-26-26
34.53,29.51,49.82,Black,Millets,75.07,52.64,64.53,20-20
26.99,82.5,30.81,Loamy,Tobacco,34.93,37.27,45.57,20-20
32.03,40.52,38.88,Red,Rice,32.23,4.96,14.19,DAP
32.54,55.0,65.41,Sandy,Tobacco,27.49,5.56,11.65,10-26-26
27.51,48.09,63.38,Clayey,Rice,47.87,46.32,60.08,Urea
34.65,72.7,52.5,Loamy,Tobacco,66.43,45.23,44.74,20-20
29.9,33.39,44.91,Black,Oil seeds,73.56,66.41,37.8,17-17-17
28.53,37.42,29.88,Clayey,Wheat,59.48,36.15,37.28,14-35-14
35.11,57.51,28.77,Black,Watermelon,81.31,70.77,58.6,DAP
28.91,55.13,16.39,Loamy,Paddy,50.21,23.18,41.02,Urea
21.91,57.49,42.41,Loamy,Wheat,55.23,18.49,39.67,DAP
34.18,67.08,49.23,Sandy,Rice,24.76,10.89,15.55,Urea
22.58,32.06,58.32,Sandy,Barley,22.89,11.64,14.86,Urea
33.06,49.19,26.58,Clayey,Maize,59.25,47.61,56.34,28-28
32.27,66.16,42.44,Loamy,Paddy,36.1,51.09,35.93,Urea
30.24,69.24,54.52,Sandy,Millets,18.27,11.53,19.1,Urea
24.67,67.45,27.63,Clayey,Watermelon,81.41,45.49,45.14,10-26-26
28.31,68.02,48.51,Red,Sugarcane,39.92,9.33,22.86,20-20
28.36,68.34,41.6,Red,Ground Nuts,23.72,22.89,3.57,DAP
37.24,66.07,8.81,Loamy,Tobacco,47.02,41.8,52.94,20-20
21.58,56.25,9.51,Red,Ground Nuts,15.63,14.0,13.8,DAP
18.86,57.62,45.03,Sandy,Pulses,15.4,7.88,7.72,DAP
28.77,59.03,46.65,Loamy,Maize,73.2,34.97,27.35,20-20
30.35,77.86,40.76,Sandy,Maize,23.72,10.54,12.84,DAP
27.71,64.91,42.33,Loamy,Ground Nuts,44.66,32.76,43.09,20-20
29.25,59.24,49.2,Loamy,Millets,57.4,23.84,26.47,DAP
22.43,57.19,57.0,Loamy,Rice,38.32,46.17,38.82,Urea
25.3,88.22,40.84,Clayey,Tobacco,66.52,51.69,60.88,14-35-14
29.45,92.38,70.08,Loamy,Millets,62.12,47.0,25.12,DAP
26.67,76.16,44.73,Sandy,Maize,21.87,7.82,27.7,DAP
24.82,60.31,23.67,Red,Ground Nuts,17.76,7.67,9.44,DAP
31.21,57.81,48.42,Sandy,Wheat,23.68,10.71,3.64,Urea
27.53,62.95,33.15,Loamy,Wheat,42.4,44.13,45.21,DAP
29.21,62.97,29.43,Red,Tobacco,33.89,25.35,32.49,10-26-26
28.51,72.62,33.31,Clayey,Oil seeds,58.04,52.33,55.66,14-35-14
31.06,68.54,46.08,Red,Sugarcane,41.06,9.3,18.03,20-20
35.24,59.58,55.2,Red,Oil seeds,27.41,14.19,42.81,DAP
29.98,54.27,26.4,Clayey,Rice,74.19,46.25,50.32,Urea
26.24,35.03,65.14,Red,Barley,39.68,13.3,17.58,20-20
30.01,67.89,42.49,Loamy,Pulses,52.14,53.14,39.98,20-20
40.92,73.68,41.93,Clayey,Millets,69.37,47.65,43.39,17-17-17
23.07,64.75,61.84,Red,Tobacco,29.69,18.73,31.4,10-26-26
25.88,70.4,42.69,Red,Tobacco,25.61,21.65,30.94,10-26-26
24.81,84.8,54.35,Sandy,Ground Nuts,25.49,14.23,2.08,10-26-26
31.99,39.61,64.22,Black,Ground Nuts,74.76,56.87,50.44,17-17-17
27.51,45.73,35.94,Red,Cotton,11.38,29.17,20.9,28-28
27.18,39.89,58.7,Red,Tobacco,25.16,21.68,17.35,10-26-26
24.19,60.35,38.73,Red,Maize,31.58,28.73,22.22,DAP
22.39,49.1,33.47,Sandy,Ground Nuts,15.09,19.25,12.97,10-26-26
24.38,70.03,48.9,Black,Barley,88.4,43.75,62.13,17-17-17
26.23,42.85,53.12,Black,Oil seeds,63.12,63.59,47.24,17-17-17
32.32,14.96,32.61,Clayey,Oil seeds,62.84,57.84,41.73,14-35-14
37.16,65.17,35.7,Sandy,Paddy,15.53,8.41,19.01,Urea
31.84,71.85,39.13,Red,Ground Nuts,42.23,19.11,25.55,DAP
18.88,56.8,27.91,Sandy,Wheat,0.0,15.38,13.27,Urea
27.43,77.45,64.18,Red,Tobacco,37.15,25.29,20.58,10-26-26
34.06,80.72,34.08,Loamy,Barley,64.62,42.32,32.27,DAP
21.78,49.42,53.56,Clayey,Barley,82.24,36.43,56.91,28-28
31.04,63.93,15.76,Sandy,Cotton,11.53,13.0,0.01,14-35-14
37.32,37.74,18.44,Sandy,Wheat,17.19,11.24,13.88,Urea
26.89,77.33,42.22,Sandy,Tobacco,15.98,14.26,15.89,10-26-26
42.1,64.3,55.5,Clayey,Tobacco,56.89,50.86,55.69,14-35-14
28.03,59.16,61.24,Clayey,Paddy,66.2,34.66,58.26,Urea
30.27,93.96,55.23,Red,Maize,6.35,29.82,25.69,DAP
30.33,64.03,56.38,Red,Ground Nuts,38.45,15.91,13.62,DAP
24.99,52.15,21.51,Red,Maize,32.36,22.73,19.67,DAP
37.05,77.87,54.92,Sandy,Maize,27.94,18.1,9.46,DAP
30.46,54.51,68.44,Black,Ground Nuts,68.72,67.35,62.83,17-17-17
31.84,31.91,61.86,Clayey,Oil seeds,77.8,58.85,56.11,14-35-14
35.01,66.36,40.41,Red,Paddy,38.08,25.79,15.59,DAP
31.8,35.76,68.99,Black,Ground Nuts,51.79,41.34,59.96,17-17-17
35.38,43.99,57.74,Sandy,Wheat,17.4,6.04,22.17,Urea
29.5,55.34,51.05,Red,Sugarcane,27.37,21.65,23.93,20-20
26.6,55.49,40.9,Black,Tobacco,77.33,47.88,50.46,17-17-17
20.04,62.84,39.65,Black,Ground Nuts,61.85,42.9,51.27,17-17-17
26.89,42.35,72.31,Loamy,Maize,64.71,32.51,34.16,20-20
32.87,44.18,52.4,Clayey,Maize,52.91,56.36,53.38,28-28
13.93,73.59,29.42,Red,Rice,24.75,17.68,11.22,DAP
17.74,33.98,16.78,Black,Paddy,67.99,58.37,33.21,Urea
29.8,51.94,54.83,Loamy,Tobacco,54.05,29.94,37.0,20-20
37.83,58.18,16.8,Loamy,Sugarcane,44.25,51.84,54.88,17-17-17
32.07,53.12,5.0,Sandy,Maize,13.44,9.86,14.72,DAP
36.71,43.83,55.94,Sandy,Cotton,29.68,7.36,23.95,14-35-14
28.41,58.73,44.33,Sandy,Watermelon,25.46,15.73,9.69,17-17-17
17.86,61.67,52.04,Sandy,Oil seeds,20.98,8.14,19.26,20-20
29.99,62.08,54.8,Sandy,Pulses,40.41,14.4,12.64,DAP
24.23,67.55,49.13,Clayey,Oil seeds,78.68,52.0,44.96,14-35-14
15.28,71.35,54.36,Loamy,Rice,64.64,41.24,41.28,Urea
28.94,72.8,50.04,Clayey,Ground Nuts,67.63,58.53,56.06,14-35-14
25.3,22.72,29.41,Red,Tobacco,24.27,16.62,27.28,10-26-26
23.35,82.1,55.33,Loamy,Oil seeds,64.85,47.26,41.58,10-26-26
31.41,78.13,60.32,Black,Millets,76.68,40.68,29.68,20-20
40.62,58.85,40.47,Sandy,Barley,17.27,10.0,13.52,Urea
28.22,82.7,56.65,Clayey,Oil seeds,52.04,45.86,30.27,14-35-14
27.54,70.75,32.52,Red,Pulses,37.13,27.45,35.35,10-26-26
22.27,32.61,50.45,Red,Maize,55.2,15.24,21.08,DAP
29.84,55.57,40.31,Loamy,Wheat,48.73,41.01,39.17,DAP
30.11,73.48,64.57,Red,Paddy,26.48,20.66,21.94,DAP
27.1,74.39,39.52,Loamy,Paddy,76.3,21.64,40.32,Urea
33.42,60.09,28.3,Clayey,Pulses,77.87,53.04,41.09,14-35-14
32.32,67.11,53.31,Clayey,Cotton,61.89,39.91,31.94,17-17-17
27.8,69.51,67.96,Sandy,Pulses,24.15,10.87,12.1,DAP
21.39,60.32,28.03,Loamy,Maize,60.19,19.68,32.83,20-20
35.19,66.9,28.35,Clayey,Tobacco,61.33,51.58,62.37,14-35-14
23.77,58.56,54.96,Black,Sugarcane,92.86,48.13,44.42,Urea
32.57,70.53,37.94,Red,Millets,22.37,25.69,13.9,28-28
33.14,74.04,63.28,Black,Tobacco,63.09,36.77,62.6,17-17-17
26.64,65.57,35.65,Loamy,Maize,52.58,47.49,22.06,20-20
28.74,56.51,31.85,Clayey,Maize,41.83,58.44,36.92,28-28
32.17,50.98,62.49,Sandy,Maize,20.01,14.46,5.73,DAP
27.66,42.94,31.61,Sandy,Pulses,15.32,13.47,7.56,DAP
38.5,56.02,5.0,Clayey,Maize,52.84,44.81,48.84,28-28
22.67,67.85,60.49,Clayey,Barley,47.38,49.3,43.75,28-28
33.32,46.31,43.54,Loamy,Wheat,58.16,20.45,27.4,DAP
22.96,78.74,49.72,Black,Rice,54.51,48.74,49.77,Urea
34.95,52.14,60.28,Sandy,Pulses,26.87,9.6,10.14,DAP
15.74,71.02,39.49,Sandy,Paddy,14.31,5.22,27.01,Urea
22.53,78.85,33.63,Sandy,Sugarcane,9.82,28.34,11.76,10-26-26
23.28,48.6,42.86,Red,Sugarcane,42.69,25.51,21.43,20-20
23.15,56.5,67.14,Sandy,Cotton,13.12,15.56,9.67,14-35-14
22.2,72.23,67.79,Loamy,Cotton,44.31,39.42,36.74,14-35-14
26.21,57.85,33.34,Loamy,Paddy,78.7,35.52,44.92,Urea
34.56,40.15,79.8,Loamy,Tobacco,42.15,44.59,50.34,20-20
30.22,66.18,23.37,Clayey,Maize,53.74,47.27,16.14,28-28
23.65,50.68,55.9,Black,Paddy,78.24,69.34,42.09,Urea
34.18,71.83,70.06,Sandy,Paddy,35.33,5.9,7.54,Urea
27.69,35.18,52.24,Black,Millets,102.16,67.44,43.95,20-20
32.51,66.21,40.15,Black,Pulses,71.61,55.04,58.56,17-17-17
21.02,58.98,63.34,Black,Paddy,61.26,75.25,39.49,Urea
24.23,76.45,37.15,Clayey,Barley,52.33,54.24,41.83,28-28
28.61,36.44,48.92,Sandy,Rice,29.58,17.22,10.49,Urea
25.45,60.37,32.24,Black,Tobacco,71.44,49.62,49.59,17-17-17
22.91,45.25,20.72,Black,Tobacco,53.3,55.96,39.89,17-17-17
25.89,78.67,55.82,Clayey,Millets,51.57,33.64,45.33,17-17-17
38.6,42.66,60.01,Loamy,Pulses,58.87,50.6,40.28,20-20
31.85,24.83,58.06,Clayey,Cotton,62.5,33.58,42.05,17-17-17
19.78,52.25,57.57,Loamy,Wheat,39.41,44.74,11.51,DAP
28.02,81.33,66.3,Sandy,Watermelon,29.73,17.98,11.72,17-17-17
22.79,83.91,59.86,Black,Barley,84.8,48.2,52.85,17-17-17
29.51,63.32,45.0,Loamy,Oil seeds,60.26,41.8,46.38,10-26-26
37.01,42.42,47.34,Loamy,Pulses,67.62,31.48,36.73,20-20
34.16,63.21,36.44,Clayey,Barley,45.42,54.17,39.12,28-28
23.93,53.17,39.69,Clayey,Maize,65.23,34.81,38.47,28-28
22.33,53.81,33.92,Loamy,Paddy,49.4,31.82,25.17,Urea
32.06,64.35,54.43,Black,Tobacco,56.26,42.78,27.11,17-17-17
35.42,62.7,45.86,Red,Millets,20.47,17.16,8.79,28-28
19.61,62.94,41.48,Black,Millets,66.88,35.23,36.99,20-20
34.83,72.4,53.53,Clayey,Ground Nuts,57.47,34.21,37.95,14-35-14
20.09,65.83,55.23,Clayey,Tobacco,55.06,44.49,30.18,14-35-14
33.72,24.16,56.79,Loamy,Sugarcane,64.94,41.92,29.12,17-17-17
34.03,43.66,33.88,Clayey,Ground Nuts,46.35,50.37,48.66,14-35-14
28.55,59.87,15.16,Sandy,Paddy,41.42,8.89,15.39,Urea
26.94,59.07,57.94,Clayey,Paddy,49.68,34.35,51.07,Urea
25.22,56.99,52.3,Red,Ground Nuts,30.78,23.0,34.23,DAP
26.26,64.31,56.74,Red,Watermelon,21.8,30.21,25.88,20-20
33.01,68.9,45.89,Clayey,Paddy,59.9,47.99,32.91,Urea
26.57,81.09,55.97,Red,Oil seeds,20.05,29.32,18.67,DAP
25.61,87.7,76.44,Black,Pulses,71.26,60.17,58.93,17-17-17
28.61,65.53,36.06,Red,Tobacco,49.94,26.27,17.32,10-26-26
24.1,46.92,34.93,Loamy,Pulses,38.79,33.43,33.63,20-20
36.24,44.21,82.51,Black,Paddy,73.59,53.33,55.93,Urea
28.64,70.14,5.13,Sandy,Pulses,13.79,17.09,8.48,DAP
21.84,72.78,82.59,Loamy,Wheat,59.06,43.65,43.79,DAP
24.75,69.14,70.08,Clayey,Maize,57.23,59.0,46.59,28-28
33.81,65.52,45.72,Red,Pulses,25.07,27.69,9.13,10-26-26
35.87,41.75,42.75,Red,Maize,39.02,20.25,28.41,DAP
24.73,30.01,68.38,Red,Maize,20.63,8.08,24.64,DAP
28.77,91.21,40.78,Black,Paddy,77.75,46.89,55.63,Urea
32.33,43.08,59.75,Red,Maize,31.22,7.84,25.2,DAP
32.39,56.25,62.8,Red,Pulses,12.93,16.17,17.5,10-26-26
23.76,49.41,32.97,Clayey,Cotton,72.07,30.18,37.95,17-17-17
17.7,45.48,74.17,Black,Cotton,67.65,45.15,61.15,DAP
31.19,71.92,62.07,Red,Wheat,22.67,27.06,31.81,28-28
24.39,66.55,47.36,Black,Wheat,87.99,48.24,69.03,17-17-17
37.62,56.19,52.66,Loamy,Ground Nuts,61.59,54.91,43.07,20-20
23.32,53.07,61.34,Black,Tobacco,89.19,51.26,55.12,17-17-17
38.76,88.28,70.88,Loamy,Ground Nuts,45.53,20.97,50.2,20-20
39.72,55.38,55.04,Loamy,Sugarcane,60.16,32.47,17.68,17-17-17
23.28,67.22,44.61,Sandy,Tobacco,25.37,15.06,10.93,10-26-26
22.48,34.15,43.18,Clayey,Wheat,58.75,42.3,55.04,14-35-14
23.61,64.99,25.0,Loamy,Sugarcane,73.91,32.73,39.52,17-17-17
32.99,59.09,29.22,Clayey,Wheat,62.87,50.1,43.84,14-35-14
29.23,69.88,61.22,Black,Watermelon,59.49,54.27,41.83,DAP
26.42,62.28,44.35,Black,Barley,70.82,49.38,39.75,17-17-17
32.92,69.21,39.6,Sandy,Pulses,22.61,12.45,20.19,DAP
28.32,54.55,31.15,Red,Wheat,22.54,0.65,29.24,28-28
33.44,53.46,35.44,Black,Watermelon,71.14,43.29,52.88,DAP
33.06,69.39,39.91,Red,Maize,25.63,35.22,6.16,DAP
26.84,61.16,55.46,Black,Paddy,60.59,45.08,33.37,Urea
31.04,53.26,65.8,Clayey,Wheat,50.8,63.65,53.04,14-35-14
32.02,47.51,46.43,Loamy,Maize,68.23,34.7,41.78,20-20
22.22,58.05,46.91,Sandy,Barley,19.3,8.39,21.28,Urea
22.12,73.04,53.77,Clayey,Millets,51.69,41.16,44.2,17-17-17
37.06,58.76,32.56,Red,Rice,27.04,23.04,21.22,DAP
33.92,60.83,55.69,Sandy,Millets,19.03,9.17,23.63,Urea
19.23,73.55,14.82,Sandy,Barley,9.96,15.79,11.01,Urea
27.83,79.63,24.83,Sandy,Barley,17.44,13.55,8.89,Urea
21.29,43.71,40.69,Loamy,Wheat,32.48,57.18,16.58,DAP
24.04,92.21,58.75,Loamy,Watermelon,50.72,39.65,51.16,14-35-14
24.64,77.04,13.94,Black,Cotton,66.5,39.03,46.03,DAP
24.39,58.45,41.27,Black,Rice,77.22,45.83,38.61,Urea
33.16,58.74,44.66,Red,Cotton,19.23,29.7,28.29,28-28
28.41,53.78,67.53,Sandy,Oil seeds,10.86,3.87,15.36,20-20
28.43,63.5,40.09,Clayey,Barley,47.52,44.75,30.8,28-28
30.18,63.2,22.4,Black,Ground Nuts,70.37,53.09,48.76,17-17-17
26.98,60.62,23.86,Sandy,Sugarcane,6.91,7.19,9.6,10-26-26
30.64,74.25,60.92,Clayey,Wheat,51.96,49.21,63.65,14-35-14
30.99,48.27,60.49,Red,Tobacco,21.54,32.39,29.92,10-26-26
33.5,32.65,26.24,Red,Tobacco,36.26,17.72,12.04,10-26-26
24.63,71.64,53.6,Loamy,Ground Nuts,45.29,32.35,31.19,20-20
31.05,68.59,50.96,Black,Rice,75.65,54.64,69.72,Urea
34.61,56.88,60.84,Sandy,Wheat,22.99,13.34,16.56,Urea
30.4,48.41,36.53,Sandy,Tobacco,6.24,11.25,13.66,10-26-26
26.86,30.12,62.01,Clayey,Sugarcane,44.43,37.28,37.75,14-35-14
24.76,52.44,41.86,Clayey,Tobacco,82.37,54.84,50.26,14-35-14
23.68,54.53,23.08,Loamy,Wheat,60.85,44.41,46.58,DAP
28.64,64.74,68.47,Clayey,Barley,68.64,44.59,38.48,28-28
35.94,63.73,41.0,Sandy,Sugarcane,20.55,7.51,14.84,10-26-26
26.06,69.03,40.02,Black,Rice,69.26,45.44,57.24,Urea
28.03,62.08,45.26,Sandy,Sugarcane,22.34,15.05,0.5,10-26-26
28.76,69.69,30.9,Red,Paddy,37.86,13.29,25.47,DAP
17.66,70.1,29.6,Clayey,Millets,62.03,60.4,38.16,17-17-17
25.47,63.13,45.87,Sandy,Oil seeds,33.82,5.57,12.18,20-20
26.59,57.63,57.09,Loamy,Ground Nuts,44.64,44.29,23.43,20-20
25.5,71.8,53.86,Loamy,Ground Nuts,48.95,42.47,40.72,20-20
33.81,44.41,34.13,Clayey,Barley,52.66,50.24,29.04,28-28
22.47,69.05,29.67,Black,Watermelon,64.05,57.17,53.6,DAP
29.3,37.74,32.57,Loamy,Sugarcane,70.36,42.01,25.42,17-17-17
34.41,72.06,25.21,Clayey,Wheat,62.57,47.46,48.44,14-35-14
27.35,43.62,75.21,Sandy,Barley,15.22,16.36,25.73,Urea
27.21,43.15,23.35,Red,Oil seeds,40.96,21.28,35.47,DAP
24.16,49.73,47.81,Black,Pulses,69.46,40.16,34.76,17-17-17
25.73,58.41,58.41,Loamy,Maize,47.82,48.98,55.87,20-20
18.98,54.22,48.51,Loamy,Watermelon,37.37,26.39,36.58,14-35-14
34.57,64.1,35.02,Sandy,Paddy,25.29,7.96,12.63,Urea
31.37,66.62,35.56,Clayey,Tobacco,54.71,62.76,61.63,14-35-14
20.63,35.22,48.89,Black,Barley,65.18,50.94,55.07,17-17-17
25.49,40.83,34.85,Sandy,Pulses,13.78,5.8,8.29,DAP
25.02,73.98,74.51,Clayey,Wheat,44.79,51.69,37.62,14-35-14
40.15,57.06,20.06,Clayey,Barley,43.3,50.56,39.68,28-28
34.82,60.29,54.75,Sandy,Sugarcane,12.74,4.14,14.72,10-26-26
29.55,79.26,23.88,Black,Barley,76.45,51.01,41.01,17-17-17
36.71,80.31,42.26,Sandy,Ground Nuts,19.31,11.39,5.31,10-26-26
19.68,34.32,34.24,Sandy,Ground Nuts,20.04,11.21,11.1,10-26-26
22.87,70.32,45.38,Loamy,Millets,79.74,45.48,40.15,DAP
28.66,65.42,50.08,Black,Cotton,56.84,62.44,58.38,DAP
20.8,59.22,17.99,Red,Cotton,29.07,21.55,11.65,28-28
34.02,70.85,58.82,Sandy,Watermelon,18.76,14.14,12.02,17-17-17
27.16,52.23,48.4,Sandy,Oil seeds,31.75,14.67,15.49,20-20
34.83,81.07,69.97,Red,Sugarcane,35.14,15.84,4.59,20-20
20.76,59.99,46.75,Sandy,Maize,18.3,14.3,5.87,DAP
22.68,66.46,39.62,Sandy,Watermelon,29.01,11.09,6.08,17-17-17
27.09,78.85,28.05,Clayey,Pulses,67.25,45.94,62.92,14-35-14
24.82,66.02,72.82,Black,Rice,78.38,50.07,54.6,Urea
28.61,71.3,46.5,Sandy,Cotton,0.0,20.63,13.92,14-35-14
32.56,52.15,64.4,Sandy,Pulses,29.93,19.69,16.92,DAP
28.76,50.98,32.3,Sandy,Pulses,6.32,17.0,15.71,DAP
31.16,67.1,46.52,Clayey,Wheat,65.43,49.83,57.59,14-35-14
34.41,64.44,57.48,Sandy,Sugarcane,22.37,7.7,17.7,10-26-26
23.76,58.57,57.55,Sandy,Barley,9.04,13.39,21.49,Urea
30.75,67.11,48.27,Red,Cotton,28.49,20.77,32.51,28-28
29.1,66.45,16.77,Loamy,Maize,45.16,38.1,33.55,20-20
34.36,71.75,64.55,Black,Maize,65.76,53.43,53.11,17-17-17
26.15,57.48,12.72,Red,Paddy,45.72,39.12,31.99,DAP
37.62,60.71,81.35,Sandy,Rice,24.16,20.28,8.04,Urea
28.37,66.22,29.86,Loamy,Barley,72.7,46.45,39.04,DAP
33.07,47.73,20.51,Black,Ground Nuts,82.83,44.38,50.91,17-17-17
30.15,51.13,53.43,Black,Rice,67.17,62.65,54.34,Urea
29.4,44.12,37.31,Black,Rice,86.63,33.68,60.09,Urea
37.74,80.94,57.65,Loamy,Cotton,44.05,54.77,43.7,14-35-14
22.83,64.74,62.47,Sandy,Ground Nuts,21.25,12.52,16.42,10-26-26
28.41,57.58,34.36,Sandy,Oil seeds,31.64,11.1,15.02,20-20
37.82,67.93,50.66,Clayey,Sugarcane,59.2,53.25,47.3,14-35-14
33.42,71.18,66.59,Red,Millets,40.36,20.0,26.56,28-28
26.72,86.88,46.22,Clayey,Oil seeds,55.84,54.8,33.19,14-35-14
22.18,50.62,60.44,Clayey,Pulses,60.72,52.05,58.32,14-35-14
23.97,71.85,47.06,Red,Barley,27.91,22.71,31.34,20-20
33.22,61.59,39.86,Sandy,Oil seeds,16.95,12.51,16.45,20-20
30.74,45.45,43.09,Red,Ground Nuts,43.4,24.11,22.01,DAP
37.4,65.53,47.55,Loamy,Millets,60.44,44.59,47.45,DAP
35.06,58.81,51.79,Clayey,Ground Nuts,80.63,45.24,34.32,14-35-14
31.7,68.4,47.55,Sandy,Paddy,15.52,14.98,22.96,Urea
28.38,93.16,50.29,Red,Paddy,30.79,32.18,21.34,DAP
27.96,51.97,48.78,Loamy,Watermelon,63.56,35.02,52.49,14-35-14
28.78,23.93,45.24,Sandy,Tobacco,14.17,12.17,17.34,10-26-26
33.72,57.69,67.79,Sandy,Ground Nuts,21.64,16.28,12.56,10-26-26
25.05,71.03,41.78,Loamy,Barley,51.84,45.96,35.22,DAP
28.17,39.52,55.52,Clayey,Maize,62.91,37.09,54.58,28-28
27.1,69.54,52.92,Sandy,Paddy,26.66,11.88,16.49,Urea
23.74,57.61,46.52,Red,Millets,35.14,18.57,5.45,28-28
26.89,53.48,30.01,Clayey,Paddy,66.04,45.88,45.62,Urea
34.86,53.18,36.08,Sandy,Watermelon,3.17,7.78,24.02,17-17-17
26.32,48.56,22.84,Black,Rice,74.33,52.13,67.36,Urea
22.33,69.06,36.62,Clayey,Tobacco,55.89,59.14,43.76,14-35-14
24.22,48.29,63.69,Clayey,Ground Nuts,63.35,55.87,59.21,14-35-14
23.57,81.45,34.21,Red,Oil seeds,22.36,4.98,12.13,DAP
25.32,79.37,53.29,Red,Rice,23.65,12.67,18.88,DAP
31.94,48.7,28.4,Red,Tobacco,31.47,21.55,13.92,10-26-26
26.35,41.65,59.03,Red,Rice,31.08,15.01,27.46,DAP
23.41,69.71,20.58,Red,Ground Nuts,29.71,23.52,20.95,DAP
30.15,71.99,34.57,Sandy,Watermelon,5.36,9.48,16.38,17-17-17
30.87,53.94,79.16,Red,Oil seeds,40.98,13.25,19.78,DAP
19.3,51.3,51.61,Sandy,Barley,22.94,12.82,13.75,Urea
36.44,47.15,26.62,Sandy,Sugarcane,25.59,20.33,11.8,10-26-26
25.58,38.13,45.2,Clayey,Cotton,50.78,58.89,43.4,17-17-17
20.46,46.84,43.94,Black,Paddy,80.25,41.65,52.44,Urea
25.48,100.0,33.62,Clayey,Millets,46.22,53.34,47.77,17-17-17
30.48,34.28,47.35,Black,Oil seeds,58.53,51.21,53.69,17-17-17
27.17,61.2,38.9,Sandy,Maize,23.07,20.42,9.58,DAP
31.31,69.98,40.36,Clayey,Pulses,75.9,46.49,35.01,14-35-14
30.74,60.95,26.51,Black,Wheat,95.18,50.89,36.34,17-17-17
27.08,35.32,44.82,Red,Oil seeds,23.16,21.62,24.48,DAP
28.08,70.19,78.28,Loamy,Sugarcane,57.2,46.82,43.52,17-17-17
26.13,32.33,62.95,Sandy,Oil seeds,24.13,19.86,17.79,20-20
32.31,56.68,15.76,Loamy,Maize,71.84,31.75,44.27,20-20
28.68,81.37,62.65,Sandy,Sugarcane,13.13,16.92,11.46,10-26-26
32.17,72.75,69.57,Red,Ground Nuts,48.38,18.01,23.38,DAP
16.63,60.72,75.11,Black,Tobacco,59.4,50.41,39.29,17-17-17
28.44,62.84,41.26,Red,Ground Nuts,29.08,29.78,21.07,DAP
30.45,40.71,44.44,Red,Paddy,26.48,20.42,20.47,DAP
25.67,75.83,23.36,Red,Tobacco,37.91,28.18,11.47,10-26-26
24.56,54.79,41.15,Red,Cotton,39.58,21.78,23.48,28-28
29.74,48.29,54.73,Red,Pulses,32.8,13.53,14.87,10-26-26
25.78,83.61,27.51,Red,Watermelon,21.23,14.79,14.68,20-20
26.76,58.75,50.58,Sandy,Wheat,13.13,9.65,13.67,Urea
27.87,50.63,56.2,Sandy,Cotton,19.77,6.77,19.65,14-35-14
25.19,72.44,58.51,Clayey,Paddy,66.96,53.28,73.84,Urea
33.54,58.74,44.24,Loamy,Wheat,43.91,29.64,47.67,DAP
19.78,57.31,35.03,Clayey,Tobacco,56.11,44.9,51.67,14-35-14
28.31,36.15,55.33,Sandy,Sugarcane,14.9,10.98,8.19,10-26-26
31.11,83.27,42.77,Clayey,Maize,76.21,39.3,43.49,28-28
26.96,54.56,41.62,Clayey,Barley,66.5,47.77,58.73,28-28
27.04,46.77,59.78,Sandy,Barley,20.81,14.04,16.86,Urea
24.97,49.93,49.69,Red,Barley,27.64,17.13,27.42,20-20
34.68,50.05,35.19,Clayey,Watermelon,61.05,36.45,39.62,10-26-26
19.64,90.54,52.03,Clayey,Paddy,72.24,41.35,43.02,Urea
33.38,47.26,48.69,Black,Rice,81.06,73.02,57.89,Urea
28.85,73.66,49.43,Loamy,Oil seeds,40.03,42.5,54.35,10-26-26
26.61,54.42,49.21,Loamy,Tobacco,36.12,28.85,43.72,20-20
27.13,65.52,47.77,Red,Barley,28.19,25.07,28.62,20-20
31.12,70.55,77.32,Loamy,Watermelon,52.02,40.46,46.27,14-35-14
15.39,71.71,43.61,Black,Maize,65.05,61.5,45.85,17-17-17
24.96,18.01,46.37,Loamy,Pulses,76.74,32.73,28.06,20-20
35.53,41.17,50.3,Loamy,Cotton,46.02,31.95,23.0,14-35-14
29.77,87.61,35.22,Sandy,Pulses,12.88,10.09,14.24,DAP
35.22,57.58,51.88,Red,Millets,19.84,10.56,28.9,28-28
26.75,45.7,40.87,Red,Rice,36.67,23.68,32.91,DAP
33.57,60.53,28.37,Sandy,Watermelon,17.63,6.84,21.6,17-17-17
22.62,54.76,48.92,Red,Ground Nuts,31.9,34.89,24.61,DAP
30.23,61.16,50.55,Loamy,Pulses,41.43,42.7,27.1,20-20
23.17,60.14,81.56,Sandy,Cotton,16.82,9.28,19.81,14-35-14
20.15,74.57,65.93,Clayey,Watermelon,47.82,38.7,48.96,10-26-26
29.41,46.75,45.87,Red,Ground Nuts,38.4,27.54,17.79,DAP
25.83,53.65,50.91,Sandy,Pulses,24.22,13.04,3.22,DAP
31.51,57.29,22.89,Loamy,Watermelon,49.49,45.93,43.93,14-35-14
33.91,65.7,48.48,Red,Wheat,42.49,24.93,8.23,28-28
28.25,54.98,64.71,Sandy,Millets,17.88,7.69,6.24,Urea
32.38,50.69,33.75,Sandy,Wheat,15.32,1.78,23.03,Urea
30.77,78.52,60.21,Red,Tobacco,30.45,25.39,21.86,10-26-26
18.94,61.93,41.44,Sandy,Tobacco,32.07,2.93,18.3,10-26-26
39.65,57.06,59.39,Black,Cotton,69.03,53.21,65.68,DAP
23.97,52.91,25.73,Clayey,Wheat,56.64,49.33,37.11,14-35-14
31.21,39.73,40.5,Loamy,Ground Nuts,41.95,28.81,38.76,20-20
30.56,37.23,37.34,Clayey,Millets,54.85,38.36,38.41,17-17-17
29.78,51.93,35.71,Sandy,Sugarcane,13.8,17.97,17.76,10-26-26
28.97,45.61,31.72,Red,Millets,39.56,17.81,25.35,28-28
24.47,41.14,51.63,Clayey,Cotton,63.55,41.91,59.1,17-17-17
23.05,52.52,79.88,Clayey,Rice,75.34,55.72,32.58,Urea
26.19,49.85,37.5,Clayey,Tobacco,53.56,70.5,28.01,14-35-14
38.05,69.59,21.67,Clayey,Cotton,68.47,51.09,28.12,17-17-17
32.62,63.5,42.58,Clayey,Maize,58.37,54.44,48.35,28-28
21.53,63.22,29.29,Red,Paddy,36.91,11.14,11.4,DAP
23.41,37.65,26.04,Clayey,Cotton,57.69,47.46,29.91,17-17-17
27.59,52.99,38.02,Black,Oil seeds,67.99,59.02,31.97,17-17-17
29.45,55.93,61.65,Sandy,Maize,18.26,15.06,21.19,DAP
29.73,44.87,22.05,Sandy,Rice,12.48,15.09,4.15,Urea
35.45,62.79,76.67,Sandy,Sugarcane,44.83,6.4,17.87,10-26-26
32.25,70.36,52.75,Sandy,Ground Nuts,30.29,8.98,8.73,10-26-26
24.73,71.64,35.97,Clayey,Barley,63.57,38.63,49.86,28-28
27.83,70.13,5.0,Red,Pulses,14.7,9.79,6.12,10-26-26
30.34,77.47,36.09,Red,Paddy,40.55,21.91,26.56,DAP
28.01,41.75,37.46,Loamy,Watermelon,52.36,41.81,31.51,14-35-14
21.17,43.78,50.04,Black,Oil seeds,73.18,58.84,43.51,17-17-17
27.68,92.88,40.01,Loamy,Rice,55.65,39.8,32.25,Urea
27.97,53.19,50.09,Black,Pulses,67.64,58.52,59.49,17-17-17
26.17,84.7,42.58,Clayey,Wheat,71.29,36.93,36.08,14-35-14
27.9,38.01,46.66,Black,Ground Nuts,94.13,56.66,40.66,17-17-17
32.84,56.87,76.65,Red,Ground Nuts,47.62,30.32,17.74,DAP
28.22,61.04,53.49,Black,Maize,63.02,60.58,67.18,17-17-17
26.69,79.06,34.39,Sandy,Sugarcane,13.49,5.21,13.77,10-26-26
29.27,57.0,28.12,Loamy,Tobacco,20.07,41.31,26.62,20-20
31.84,100.0,50.21,Clayey,Pulses,63.84,53.74,55.31,14-35-14
28.49,90.92,62.25,Clayey,Barley,68.06,41.51,45.49,28-28
34.49,50.85,42.37,Sandy,Pulses,11.39,9.24,9.14,DAP
26.19,45.71,71.01,Black,Sugarcane,87.42,45.89,47.69,Urea
31.39,60.33,41.26,Red,Barley,21.58,16.57,40.42,20-20
35.82,56.3,37.97,Clayey,Cotton,45.66,40.68,34.43,17-17-17
35.03,50.61,37.69,Clayey,Paddy,50.64,49.37,52.0,Urea
29.23,63.94,53.25,Loamy,Paddy,63.67,37.71,43.31,Urea
26.68,50.97,21.62,Loamy,Rice,47.46,35.71,45.29,Urea
29.89,71.35,31.17,Clayey,Sugarcane,57.3,40.56,35.21,14-35-14
27.74,55.34,40.11,Black,Pulses,57.73,50.36,49.89,17-17-17
23.13,66.92,55.53,Red,Sugarcane,12.09,19.69,13.21,20-20
29.19,36.27,56.91,Sandy,Watermelon,23.49,12.96,18.35,17-17-17
22.52,89.03,35.49,Red,Sugarcane,52.44,39.76,15.37,20-20
21.58,66.33,11.05,Black,Ground Nuts,68.91,66.89,34.94,17-17-17
25.49,57.47,38.8,Loamy,Cotton,56.04,36.53,54.84,14-35-14
27.48,56.62,53.55,Black,Paddy,72.7,27.22,39.51,Urea
34.95,53.78,51.26,Loamy,Paddy,43.13,41.5,35.94,Urea
28.52,65.29,54.46,Sandy,Ground Nuts,25.46,8.27,16.09,10-26-26
28.71,81.61,35.34,Red,Tobacco,12.62,26.57,0.0,10-26-26
26.85,46.22,66.7,Sandy,Cotton,27.32,10.51,14.09,14-35-14
24.66,42.66,26.0,Sandy,Tobacco,12.97,12.87,22.94,10-26-26
24.81,34.53,37.74,Red,Tobacco,26.46,17.83,19.88,10-26-26
24.7,72.04,58.41,Loamy,Ground Nuts,59.93,44.08,38.29,20-20
31.8,76.59,56.57,Black,Ground Nuts,68.22,43.98,45.93,17-17-17
26.49,57.23,55.17,Clayey,Oil seeds,54.27,69.57,35.58,14-35-14
31.09,67.29,33.01,Clayey,Millets,60.8,42.39,58.6,17-17-17
28.61,29.18,67.3,Red,Tobacco,11.07,33.39,22.61,10-26-26
25.58,75.48,21.31,Black,Sugarcane,91.91,51.63,68.63,Urea
32.95,85.41,47.86,Black,Ground Nuts,63.1,26.66,51.25,17-17-17
28.96,56.78,61.78,Black,Paddy,64.05,24.62,58.8,Urea
24.21,67.81,34.28,Black,Rice,56.29,67.08,64.52,Urea
29.79,55.3,53.8,Red,Cotton,17.87,19.04,27.21,28-28
31.45,64.72,35.11,Loamy,Paddy,60.93,31.14,40.3,Urea
33.71,76.93,46.66,Black,Ground Nuts,55.5,50.49,35.1,17-17-17
29.61,72.26,23.95,Red,Millets,31.61,22.09,30.72,28-28
40.59,60.42,33.4,Red,Maize,23.22,19.95,4.85,DAP
26.89,45.69,63.31,Sandy,Pulses,16.56,11.65,14.7,DAP
33.86,64.6,31.57,Loamy,Paddy,41.26,36.52,45.89,Urea
29.93,52.99,58.68,Loamy,Oil seeds,51.85,50.29,57.11,10-26-26
27.4,67.27,59.74,Loamy,Wheat,65.18,48.12,50.71,DAP
33.93,53.27,33.25,Loamy,Cotton,78.51,42.99,38.29,14-35-14
23.89,77.82,68.03,Sandy,Barley,25.12,6.53,15.89,Urea
29.82,82.68,43.26,Loamy,Rice,61.4,29.31,48.5,Urea
22.62,55.05,36.12,Black,Sugarcane,72.05,51.01,42.97,Urea
23.78,69.37,41.83,Red,Wheat,28.32,13.37,1.56,28-28
22.49,66.88,38.32,Loamy,Rice,43.88,56.73,42.82,Urea
29.74,51.9,33.33,Sandy,Barley,21.37,12.09,13.9,Urea
31.86,74.31,42.34,Red,Maize,25.2,19.56,22.05,DAP
26.85,42.71,25.31,Red,Rice,41.28,9.19,23.42,DAP
33.78,27.91,46.18,Red,Oil seeds,14.64,11.02,24.8,DAP
29.7,52.09,52.28,Black,Wheat,76.36,51.4,50.07,17-17-17
26.45,75.48,24.13,Sandy,Watermelon,21.7,23.38,28.94,17-17-17
27.33,51.61,22.38,Red,Pulses,13.48,16.47,18.14,10-26-26
26.63,67.21,52.25,Sandy,Pulses,29.07,11.6,16.9,DAP
32.23,81.66,34.28,Sandy,Rice,17.45,5.42,6.64,Urea
19.95,64.38,45.4,Loamy,Ground Nuts,49.32,29.4,38.75,20-20
31.08,62.34,45.24,Red,Cotton,31.82,24.57,11.59,28-28
32.14,42.03,72.2,Clayey,Ground Nuts,41.17,45.25,54.57,14-35-14
25.61,59.29,16.88,Sandy,Ground Nuts,22.72,5.85,16.92,10-26-26
29.65,49.38,50.35,Clayey,Sugarcane,68.74,48.03,32.97,14-35-14
34.85,71.02,66.34,Sandy,Millets,9.27,19.77,18.23,Urea
29.51,56.94,37.94,Clayey,Maize,61.95,44.52,49.45,28-28
32.33,40.41,59.39,Sandy,Oil seeds,27.48,8.48,27.97,20-20
25.87,39.93,47.91,Loamy,Cotton,33.32,38.71,53.79,14-35-14
28.5,50.92,72.55,Black,Sugarcane,72.62,50.56,65.36,Urea
40.33,55.64,38.88,Loamy,Tobacco,60.1,41.55,43.36,20-20
29.56,39.05,28.21,Loamy,Millets,44.25,43.7,43.53,DAP
31.41,50.84,63.43,Sandy,Millets,27.24,15.26,14.7,Urea
28.44,78.73,29.11,Sandy,Maize,17.59,11.01,8.88,DAP
25.73,33.07,40.05,Clayey,Sugarcane,68.08,40.76,36.52,14-35-14
21.25,72.93,43.33,Black,Sugarcane,45.8,56.54,53.15,Urea
26.56,52.2,64.97,Red,Pulses,31.36,24.69,11.72,10-26-26
23.13,72.54,42.4,Clayey,Tobacco,61.63,39.45,41.31,14-35-14
18.91,52.59,45.28,Loamy,Sugarcane,58.6,47.3,29.33,17-17-17
39.39,69.86,25.94,Clayey,Ground Nuts,51.47,56.8,45.85,14-35-14
27.6,62.43,51.92,Sandy,Paddy,19.71,6.99,14.56,Urea
28.11,42.41,72.54,Black,Barley,72.84,59.5,65.29,17-17-17
25.2,87.29,32.58,Sandy,Oil seeds,25.98,16.01,10.8,20-20
28.65,68.45,35.48,Sandy,Sugarcane,17.41,11.92,20.05,10-26-26
33.29,82.3,44.81,Sandy,Wheat,9.66,12.98,12.17,Urea
21.93,43.86,58.87,Black,Watermelon,58.92,39.29,39.66,DAP
31.92,71.89,53.54,Red,Wheat,23.83,27.88,26.77,28-28
28.65,22.86,19.88,Clayey,Rice,79.35,45.96,24.71,Urea
22.65,45.97,61.29,Sandy,Cotton,22.63,5.56,13.64,14-35-14
23.27,77.88,36.36,Black,Pulses,84.3,58.2,37.09,17-17-17
25.63,21.9,39.71,Clayey,Oil seeds,53.18,28.95,46.68,14-35-14
33.9,49.07,55.23,Black,Wheat,76.54,50.21,51.8,17-17-17
25.48,100.0,57.11,Sandy,Tobacco,19.69,10.48,14.32,10-26-26
33.48,68.43,48.94,Clayey,Pulses,46.53,58.09,47.97,14-35-14
16.15,59.95,63.9,Black,Cotton,76.99,46.39,37.52,DAP
20.1,58.0,43.87,Black,Barley,64.72,26.77,54.38,17-17-17
29.44,54.49,38.98,Black,Tobacco,76.44,37.73,40.17,17-17-17
19.26,50.15,68.59,Clayey,Rice,41.23,53.46,60.92,Urea
28.89,66.04,47.05,Loamy,Millets,69.95,37.83,44.53,DAP
40.94,42.0,55.48,Red,Wheat,16.64,30.33,25.79,28-28
28.36,35.56,50.16,Clayey,Watermelon,57.19,54.33,59.99,10-26-26
27.32,57.55,47.71,Black,Watermelon,77.41,46.16,62.22,DAP
30.55,61.6,35.89,Sandy,Pulses,25.82,15.16,12.97,DAP
34.07,72.09,47.32,Loamy,Paddy,52.41,44.74,45.05,Urea
31.39,70.44,19.92,Red,Rice,4.23,15.2,15.43,DAP
29.06,71.74,38.53,Black,Oil seeds,60.27,52.59,38.86,17-17-17
30.65,52.85,65.92,Sandy,Wheat,29.29,5.9,13.43,Urea
22.56,45.15,18.06,Sandy,Oil seeds,17.63,4.45,18.2,20-20
36.76,71.62,5.0,Black,Maize,60.47,54.23,48.78,17-17-17
24.47,67.95,18.94,Red,Rice,24.71,19.98,23.87,DAP
20.78,52.44,29.13,Black,Oil seeds,82.54,52.28,43.86,17-17-17
32.07,60.92,14.14,Sandy,Rice,16.58,18.4,21.98,Urea
33.12,68.48,53.37,Sandy,Barley,21.28,10.91,10.07,Urea
28.59,67.49,51.83,Sandy,Maize,11.05,10.31,9.52,DAP
35.4,63.32,34.89,Sandy,Wheat,14.81,15.59,7.74,Urea
22.48,50.26,47.84,Black,Pulses,70.15,48.83,33.12,17-17-17
32.99,68.04,41.47,Black,Cotton,84.63,46.69,39.26,DAP
28.55,85.57,28.38,Black,Millets,73.84,45.58,35.93,20-20
21.99,60.11,45.52,Clayey,Watermelon,67.1,41.25,43.82,10-26-26
29.07,63.78,59.44,Red,Cotton,18.75,33.71,27.0,28-28
24.73,43.88,30.11,Loamy,Maize,77.98,40.5,38.24,20-20
29.49,52.01,59.53,Loamy,Barley,53.57,32.86,17.89,DAP
32.1,57.32,52.22,Loamy,Rice,71.38,40.58,40.29,Urea
30.17,27.54,40.07,Sandy,Wheat,5.08,14.15,21.17,Urea
28.52,33.77,26.14,Black,Paddy,76.52,41.49,60.84,Urea
26.74,64.64,33.06,Black,Paddy,80.47,46.82,62.12,Urea
29.33,72.37,49.11,Red,Barley,28.58,12.61,13.11,20-20
29.01,49.35,46.15,Sandy,Pulses,12.89,15.39,15.96,DAP
26.6,87.92,30.81,Clayey,Rice,78.34,38.51,50.98,Urea
33.53,60.12,37.35,Sandy,Tobacco,13.21,13.85,15.31,10-26-26
32.32,69.41,43.44,Red,Watermelon,48.09,12.34,27.17,20-20
32.43,53.21,33.49,Loamy,Pulses,75.4,32.7,45.63,20-20
24.41,72.53,29.46,Loamy,Pulses,45.85,42.19,52.95,20-20
21.33,46.0,51.07,Black,Ground Nuts,62.07,48.99,52.38,17-17-17
24.61,49.78,47.21,Loamy,Cotton,63.28,29.54,43.23,14-35-14
23.9,75.5,23.44,Clayey,Wheat,74.02,56.27,34.94,14-35-14
32.89,58.72,54.03,Sandy,Ground Nuts,29.11,5.67,12.32,10-26-26
30.01,61.73,29.94,Red,Rice,28.22,20.01,21.24,DAP
21.1,52.19,61.64,Loamy,Millets,50.66,41.33,49.25,DAP
25.19,55.43,56.08,Clayey,Tobacco,75.61,57.46,65.35,14-35-14
23.4,44.49,56.76,Black,Ground Nuts,70.16,45.42,32.3,17-17-17
27.66,71.26,34.89,Sandy,Sugarcane,14.55,17.03,16.83,10-26-26
19.17,66.96,63.35,Loamy,Maize,52.68,29.36,38.76,20-20
24.0,75.59,36.99,Red,Paddy,30.0,26.7,25.05,DAP
23.93,44.87,26.94,Clayey,Sugarcane,54.89,39.68,32.72,14-35-14
29.62,41.98,51.6,Sandy,Barley,14.88,14.24,11.3,Urea
24.7,84.76,59.64,Loamy,Tobacco,42.97,54.54,52.19,20-20
31.05,43.32,9.77,Loamy,Sugarcane,61.62,39.27,43.94,17-17-17
31.95,54.33,25.93,Black,Maize,70.72,38.62,61.75,17-17-17
36.85,42.99,46.21,Red,Pulses,37.17,18.87,4.86,10-26-26
32.7,43.93,61.84,Sandy,Wheat,27.96,17.57,11.53,Urea
27.64,69.49,49.35,Black,Watermelon,60.37,44.36,46.25,DAP
20.48,39.24,45.24,Sandy,Sugarcane,22.05,4.36,3.66,10-26-26
31.26,57.07,53.19,Black,Barley,56.42,60.14,58.87,17-17-17
24.14,54.25,44.94,Red,Barley,48.55,30.98,28.94,20-20
25.5,79.52,73.4,Loamy,Paddy,54.35,31.06,26.01,Urea
36.77,60.01,42.33,Red,Rice,28.0,0.0,15.26,DAP
24.25,54.99,25.52,Clayey,Barley,68.24,38.65,48.03,28-28
31.82,57.48,15.99,Red,Watermelon,42.63,14.53,27.01,20-20
32.76,65.56,64.01,Red,Paddy,23.32,24.01,17.17,DAP
33.3,45.48,72.58,Red,Paddy,16.82,24.8,26.93,DAP
27.76,62.75,18.14,Clayey,Cotton,40.0,58.22,24.02,17-17-17
26.89,42.9,40.0,Red,Tobacco,26.91,13.32,17.79,10-26-26
26.95,29.21,63.91,Sandy,Sugarcane,21.61,11.53,14.63,10-26-26
34.64,57.06,39.11,Red,Wheat,24.95,30.32,11.05,28-28
28.71,88.28,30.92,Loamy,Barley,83.84,41.29,31.6,DAP
25.22,80.91,37.92,Black,Barley,62.09,62.54,49.04,17-17-17
31.03,74.19,53.94,Red,Sugarcane,12.66,22.38,32.18,20-20
27.29,52.6,46.35,Red,Rice,42.43,20.71,30.74,DAP
26.42,53.31,43.23,Loamy,Ground Nuts,63.28,41.47,32.9,20-20
33.81,56.85,65.62,Loamy,Rice,65.39,46.49,35.7,Urea
34.68,71.76,35.92,Loamy,Pulses,80.56,52.44,27.53,20-20
26.42,79.12,51.49,Sandy,Tobacco,14.27,8.31,18.57,10-26-26
16.72,67.55,34.19,Black,Watermelon,78.9,54.06,47.94,DAP
26.58,56.16,41.38,Loamy,Ground Nuts,52.88,35.09,24.51,20-20
24.66,83.98,57.72,Clayey,Millets,83.88,54.29,42.18,17-17-17
21.06,75.85,66.54,Clayey,Cotton,64.44,43.79,57.21,17-17-17
24.7,79.11,54.54,Sandy,Barley,40.7,13.29,23.16,Urea
13.88,72.01,49.86,Red,Ground Nuts,13.75,8.64,17.46,DAP
38.45,54.44,47.54,Red,Maize,28.63,18.56,19.46,DAP
29.37,47.18,64.27,Black,Paddy,71.35,43.69,46.26,Urea
21.01,53.48,51.94,Clayey,Millets,79.53,52.29,43.71,17-17-17
25.62,30.25,31.67,Loamy,Sugarcane,51.41,37.57,44.78,17-17-17
28.37,40.65,25.57,Loamy,Paddy,42.85,48.23,23.45,Urea
34.11,55.35,45.18,Loamy,Oil seeds,36.62,43.44,43.75,10-26-26
32.67,63.25,43.6,Sandy,Rice,10.65,17.82,20.3,Urea
23.16,49.92,34.09,Sandy,Sugarcane,16.69,22.44,18.29,10-26-26
15.88,54.11,44.47,Black,Cotton,90.44,44.57,41.0,DAP
24.73,48.79,47.5,Clayey,Sugarcane,60.04,49.56,30.84,14-35-14
23.7,69.95,34.8,Sandy,Millets,13.16,18.26,8.07,Urea
34.57,28.61,53.96,Sandy,Barley,6.5,17.31,14.54,Urea
30.41,53.27,63.57,Sandy,Ground Nuts,26.67,15.32,14.86,10-26-26
27.07,37.17,30.97,Sandy,Sugarcane,35.07,17.08,15.62,10-26-26
26.8,83.35,54.12,Loamy,Wheat,53.21,40.26,44.63,DAP
30.27,60.93,52.73,Sandy,Cotton,29.51,7.01,9.59,14-35-14
27.21,43.91,39.72,Red,Wheat,20.77,21.28,20.64,28-28
25.09,76.42,61.99,Black,Millets,80.25,52.81,62.92,20-20
28.74,66.42,18.12,Loamy,Wheat,67.51,48.14,38.49,DAP
18.98,46.69,34.76,Red,Cotton,17.73,21.41,21.75,28-28
38.19,64.08,48.08,Loamy,Tobacco,50.75,52.6,41.76,20-20
29.3,73.5,22.88,Clayey,Millets,59.33,34.21,52.19,17-17-17
27.31,45.8,38.54,Red,Cotton,17.72,24.84,20.45,28-28
26.14,74.54,56.0,Red,Maize,35.33,21.6,30.58,DAP
28.78,76.04,49.21,Clayey,Oil seeds,50.22,49.7,30.18,14-35-14
20.35,66.08,79.2,Black,Cotton,58.62,61.22,37.93,DAP
22.18,82.34,48.74,Clayey,Pulses,42.65,54.37,48.34,14-35-14
33.42,71.05,36.5,Loamy,Sugarcane,58.43,26.72,35.71,17-17-17
37.57,43.13,19.84,Sandy,Sugarcane,2.35,14.92,18.69,10-26-26
27.99,35.61,79.98,Loamy,Millets,52.83,39.73,40.77,DAP
23.65,62.14,16.07,Clayey,Oil seeds,48.39,38.07,52.31,14-35-14
27.8,51.54,65.71,Clayey,Pulses,66.39,36.62,44.17,14-35-14
26.89,65.53,45.17,Red,Sugarcane,19.73,21.08,21.36,20-20
20.34,45.74,53.6,Sandy,Paddy,23.48,7.98,19.47,Urea
38.14,73.12,12.65,Sandy,Wheat,28.87,17.86,6.23,Urea
25.96,55.92,48.74,Red,Barley,13.43,13.8,15.75,20-20
32.13,65.02,59.78,Red,Pulses,15.35,17.47,22.48,10-26-26
19.63,66.28,60.32,Black,Tobacco,80.89,43.02,62.46,17-17-17
20.8,65.96,43.04,Black,Paddy,64.24,65.42,41.3,Urea
28.58,66.33,33.81,Black,Ground Nuts,65.02,57.16,47.11,17-17-17
28.69,67.02,62.92,Black,Paddy,76.85,56.78,64.53,Urea
38.18,60.42,51.27,Clayey,Wheat,72.22,60.15,46.11,14-35-14
17.53,82.62,52.67,Clayey,Oil seeds,58.19,31.17,54.48,14-35-14
22.8,61.3,61.47,Red,Cotton,12.48,9.86,9.02,28-28
23.47,42.31,35.81,Clayey,Maize,68.98,31.3,43.02,28-28
25.53,50.74,36.11,Red,Watermelon,22.87,27.29,15.61,20-20
33.83,68.08,23.53,Sandy,Watermelon,18.75,19.16,15.23,17-17-17
20.33,78.05,74.34,Sandy,Oil seeds,16.21,14.19,8.33,20-20
22.21,82.38,51.12,Loamy,Oil seeds,45.48,26.98,43.35,10-26-26
34.07,48.3,46.99,Red,Cotton,34.02,17.35,8.81,28-28
31.19,86.46,48.61,Sandy,Pulses,13.42,11.33,9.81,DAP
27.08,37.41,57.6,Black,Paddy,52.12,61.62,51.46,Urea
26.9,21.39,41.18,Sandy,Oil seeds,12.97,13.16,20.77,20-20
34.77,93.18,60.42,Clayey,Sugarcane,54.73,43.48,55.83,14-35-14
29.67,66.57,61.95,Clayey,Rice,50.04,40.5,34.72,Urea
23.39,45.68,52.77,Red,Paddy,14.32,11.99,8.06,DAP
26.73,51.78,34.99,Black,Rice,76.2,51.61,58.59,Urea
32.58,49.24,56.06,Loamy,Watermelon,67.43,48.94,55.64,14-35-14
35.14,41.34,39.92,Black,Rice,45.44,64.01,37.54,Urea
25.98,37.07,62.61,Clayey,Oil seeds,60.09,62.66,36.51,14-35-14
26.23,75.61,62.39,Sandy,Cotton,21.07,1.39,12.08,14-35-14
12.38,59.5,58.53,Sandy,Maize,19.12,15.19,15.22,DAP
22.01,70.26,59.02,Clayey,Oil seeds,39.59,33.23,46.13,14-35-14
32.15,59.93,67.75,Black,Watermelon,85.7,32.23,52.63,DAP
32.65,83.34,24.29,Black,Barley,76.26,43.23,57.7,17-17-17
28.23,63.38,38.14,Black,Ground Nuts,64.3,62.17,45.3,17-17-17
36.73,59.44,70.26,Clayey,Oil seeds,54.0,45.14,50.68,14-35-14
27.44,36.84,61.75,Red,Ground Nuts,21.17,16.65,14.4,DAP
20.97,45.23,47.98,Red,Paddy,25.12,20.18,25.07,DAP
17.73,66.36,34.32,Loamy,Rice,55.8,42.61,40.84,Urea
36.22,70.8,43.78,Black,Tobacco,61.52,52.46,56.96,17-17-17
21.14,64.84,44.08,Black,Ground Nuts,70.54,44.98,50.51,17-17-17
28.95,70.64,38.47,Black,Maize,63.58,53.32,49.09,17-17-17
29.51,67.71,24.6,Red,Maize,32.66,24.75,13.76,DAP
32.26,49.41,71.27,Clayey,Pulses,57.69,52.24,30.64,14-35-14
29.8,55.36,40.04,Clayey,Oil seeds,70.22,45.12,38.69,14-35-14
27.22,76.86,40.54,Clayey,Pulses,56.07,39.27,35.92,14-35-14
22.38,82.98,42.12,Sandy,Paddy,25.19,8.76,19.54,Urea
33.4,63.53,39.51,Red,Pulses,26.45,16.22,25.35,10-26-26
32.6,75.01,34.94,Clayey,Millets,53.54,33.06,62.75,17-17-17
23.57,61.83,56.99,Sandy,Paddy,8.45,9.7,11.24,Urea
36.16,68.61,37.17,Sandy,Ground Nuts,14.9,18.03,16.51,10-26-26
29.64,60.91,43.03,Red,Rice,15.26,4.65,33.6,DAP
24.23,67.84,14.79,Sandy,Paddy,3.65,2.54,18.85,Urea
32.34,75.04,34.11,Sandy,Barley,13.23,12.37,19.51,Urea
27.19,45.12,32.46,Red,Sugarcane,27.47,27.29,32.95,20-20
26.44,62.27,15.43,Clayey,Rice,72.73,40.92,29.21,Urea
23.3,64.87,46.67,Red,Pulses,37.99,29.48,25.59,10-26-26
22.76,66.29,67.45,Red,Maize,25.89,32.73,22.97,DAP
25.77,86.79,33.59,Clayey,Ground Nuts,52.38,28.12,56.35,14-35-14
28.09,59.96,22.41,Red,Watermelon,17.1,24.25,29.63,20-20
31.81,61.81,56.8,Red,Rice,36.35,22.49,19.32,DAP
20.67,78.65,57.78,Clayey,Paddy,74.25,55.98,36.87,Urea
22.23,57.9,61.36,Red,Rice,14.41,21.11,18.62,DAP
27.3,64.75,47.84,Sandy,Sugarcane,16.92,7.68,17.52,10-26-26
28.23,89.91,47.37,Clayey,Wheat,56.23,29.27,51.97,14-35-14
27.66,65.1,29.06,Black,Millets,85.92,65.48,23.19,20-20
35.37,55.58,30.19,Black,Watermelon,70.01,63.54,56.92,DAP
30.5,75.02,37.65,Clayey,Rice,69.31,45.16,37.08,Urea
36.49,54.02,54.75,Black,Paddy,67.94,46.37,51.62,Urea
27.51,94.09,58.34,Loamy,Tobacco,60.6,45.22,53.46,20-20
20.14,48.83,75.28,Black,Paddy,82.43,48.81,53.54,Urea
33.85,66.64,38.03,Black,Ground Nuts,75.01,45.53,39.79,17-17-17
22.09,70.33,45.65,Black,Tobacco,84.41,63.49,51.03,17-17-17
24.01,65.94,46.6,Red,Maize,6.2,23.3,14.13,DAP
25.13,69.81,19.99,Sandy,Millets,28.84,12.1,4.53,Urea
22.75,63.51,51.18,Sandy,Cotton,16.94,15.52,10.47,14-35-14
30.33,70.86,29.76,Loamy,Wheat,56.4,33.5,29.05,DAP
38.39,62.73,39.15,Loamy,Pulses,56.78,49.59,49.79,20-20
33.02,46.01,47.67,Sandy,Oil seeds,34.13,13.51,11.52,20-20
30.46,17.16,38.51,Loamy,Oil seeds,64.43,37.55,53.54,10-26-26
35.79,61.13,52.33,Clayey,Tobacco,62.19,29.71,61.69,14-35-14
29.19,74.18,49.78,Red,Ground Nuts,35.14,16.39,26.31,DAP
36.52,53.96,46.94,Red,Watermelon,28.09,29.75,12.83,20-20
29.79,41.3,18.9,Loamy,Watermelon,29.68,45.59,37.17,14-35-14
20.26,49.89,56.6,Sandy,Barley,15.2,10.4,12.81,Urea
31.65,80.87,61.78,Black,Tobacco,79.31,56.42,57.28,17-17-17
26.04,97.82,59.5,Red,Ground Nuts,27.99,27.18,10.06,DAP
17.79,59.72,47.12,Loamy,Oil seeds,41.18,40.45,46.62,10-26-26
30.27,82.09,26.11,Black,Paddy,64.3,33.75,48.11,Urea
16.77,50.9,48.17,Loamy,Paddy,54.49,48.48,40.58,Urea
31.0,42.36,39.42,Sandy,Tobacco,27.24,11.04,0.0,10-26-26
23.85,71.24,44.97,Clayey,Ground Nuts,59.76,30.62,51.72,14-35-14
27.89,66.57,67.08,Sandy,Paddy,22.34,19.48,17.11,Urea
30.77,41.63,25.01,Sandy,Maize,17.63,5.72,13.29,DAP
34.75,56.44,61.12,Red,Oil seeds,30.14,14.53,20.62,DAP
31.6,59.28,60.04,Red,Pulses,31.04,11.12,12.3,10-26-26
34.98,82.49,45.01,Red,Pulses,18.46,16.83,20.91,10-26-26
32.06,61.41,65.44,Clayey,Tobacco,64.97,48.06,33.37,14-35-14
28.04,53.15,34.03,Red,Wheat,40.37,25.67,19.14,28-28
27.7,58.77,24.8,Sandy,Sugarcane,23.83,6.55,1.28,10-26-26
26.08,64.54,47.36,Sandy,Oil seeds,18.78,8.27,19.25,20-20
22.55,48.73,58.43,Black,Sugarcane,79.79,54.16,52.53,Urea
21.49,31.58,25.6,Clayey,Millets,58.45,37.42,41.98,17-17-17
23.94,65.48,31.26,Black,Wheat,75.1,59.46,60.86,17-17-17
33.07,88.71,48.11,Loamy,Rice,70.65,52.47,52.03,Urea
30.47,61.93,47.65,Loamy,Sugarcane,42.03,37.38,34.25,17-17-17
30.63,57.14,42.03,Sandy,Pulses,19.34,16.76,16.46,DAP
22.49,86.16,60.13,Black,Watermelon,49.66,58.93,42.84,DAP
32.01,36.33,49.98,Loamy,Maize,75.5,25.98,46.3,20-20
22.39,52.0,22.77,Loamy,Tobacco,57.26,26.62,21.99,20-20
38.38,77.7,62.16,Red,Cotton,25.12,23.97,28.59,28-28
20.54,77.38,32.58,Black,Pulses,86.22,46.26,58.07,17-17-17
28.92,99.56,66.69,Black,Cotton,69.84,63.67,50.89,DAP
30.52,58.55,38.57,Loamy,Maize,48.41,33.2,32.6,20-20
21.82,63.3,53.84,Black,Paddy,71.75,47.96,64.64,Urea
34.26,55.05,49.16,Black,Watermelon,77.89,72.17,46.82,DAP
31.23,77.31,56.53,Clayey,Wheat,73.0,48.34,33.06,14-35-14
35.87,46.53,48.25,Red,Paddy,15.92,15.67,19.8,DAP
35.13,70.16,32.64,Red,Cotton,32.8,24.66,16.88,28-28
30.17,56.72,57.32,Red,Maize,32.4,28.61,10.6,DAP
27.37,64.7,50.15,Sandy,Barley,28.01,16.65,13.21,Urea
27.15,55.03,41.82,Sandy,Maize,10.29,14.62,20.18,DAP
29.11,46.85,38.39,Black,Wheat,87.5,69.52,60.88,17-17-17
28.88,70.16,48.76,Black,Watermelon,65.68,44.41,66.08,DAP
29.72,53.47,31.64,Loamy,Tobacco,38.26,30.87,41.42,20-20
24.89,51.22,39.61,Clayey,Pulses,68.62,45.03,37.22,14-35-14
24.12,53.22,24.85,Sandy,Maize,24.52,18.2,9.22,DAP
36.57,75.15,42.06,Sandy,Barley,36.34,12.73,17.91,Urea
26.25,69.74,39.86,Sandy,Oil seeds,18.81,7.92,9.68,20-20
30.0,48.11,40.35,Loamy,Cotton,64.3,33.2,43.24,14-35-14
25.98,100.0,64.06,Sandy,Paddy,14.66,0.0,9.51,Urea
29.99,46.08,43.5,Black,Wheat,77.37,45.68,52.34,17-17-17
28.79,92.04,62.43,Sandy,Pulses,21.54,13.8,15.57,DAP
25.71,17.55,53.48,Black,Tobacco,42.92,37.74,55.78,17-17-17
27.6,54.14,53.64,Black,Paddy,89.79,51.32,52.08,Urea
23.77,67.61,29.69,Black,Watermelon,82.54,57.98,66.48,DAP
27.97,82.43,57.41,Clayey,Tobacco,61.26,44.78,25.48,14-35-14
22.76,68.78,51.46,Black,Oil seeds,32.6,63.04,50.52,17-17-17
32.74,79.35,40.55,Clayey,Millets,70.95,64.82,50.71,17-17-17
39.16,74.07,47.45,Sandy,Maize,25.17,5.55,13.02,DAP
25.32,74.29,35.13,Sandy,Ground Nuts,17.85,6.35,21.69,10-26-26
34.77,58.28,63.57,Loamy,Rice,69.15,22.87,35.31,Urea
24.03,59.18,45.75,Clayey,Wheat,38.15,52.28,42.35,14-35-14
24.59,70.9,30.93,Red,Pulses,34.53,2.98,22.69,10-26-26
24.7,61.47,70.63,Clayey,Cotton,53.33,44.69,30.65,17-17-17
29.93,85.45,52.14,Red,Pulses,19.04,22.34,19.5,10-26-26
27.64,48.75,70.07,Clayey,Wheat,44.6,45.66,38.18,14-35-14
26.46,77.17,46.81,Loamy,Pulses,68.68,44.39,50.23,20-20
27.75,49.67,43.07,Clayey,Barley,57.27,70.59,49.74,28-28
32.04,44.84,55.22,Loamy,Cotton,46.15,35.76,22.12,14-35-14
21.21,68.39,38.72,Red,Millets,35.05,21.11,21.48,28-28
25.42,65.6,52.61,Clayey,Watermelon,58.97,51.68,44.73,10-26-26
28.67,75.93,30.25,Red,Wheat,20.2,12.28,26.1,28-28
29.12,44.38,32.81,Loamy,Pulses,55.76,24.36,42.42,20-20
27.75,80.66,44.75,Red,Millets,32.29,22.67,3.61,28-28
36.65,45.26,63.89,Black,Paddy,64.97,39.41,66.22,Urea
21.05,44.52,60.47,Clayey,Barley,61.55,31.07,34.6,28-28
22.42,64.41,57.81,Clayey,Barley,63.17,49.52,52.41,28-28
23.19,75.4,49.51,Loamy,Millets,66.58,31.44,44.34,DAP
22.99,29.66,54.62,Sandy,Paddy,22.43,22.21,7.53,Urea
23.42,71.89,49.41,Clayey,Barley,66.03,50.33,46.1,28-28
24.0,87.67,72.37,Black,Watermelon,79.57,41.51,55.48,DAP
33.62,42.79,19.09,Black,Maize,64.98,37.99,51.61,17-17-17
23.33,38.87,32.57,Loamy,Oil seeds,61.06,47.07,40.68,10-26-26
26.37,44.54,37.62,Sandy,Paddy,10.18,15.03,4.05,Urea
41.92,64.19,62.44,Red,Rice,25.63,22.15,19.69,DAP
24.06,60.73,58.99,Clayey,Cotton,67.45,57.44,44.99,17-17-17
33.34,70.67,40.66,Loamy,Sugarcane,80.01,19.92,53.91,17-17-17
32.56,45.57,51.52,Black,Paddy,59.78,57.16,52.96,Urea
25.28,47.93,32.28,Clayey,Paddy,40.97,39.95,43.81,Urea
19.47,54.67,46.87,Sandy,Paddy,7.7,11.43,20.64,Urea
25.81,56.57,51.95,Loamy,Ground Nuts,33.35,39.09,53.46,20-20
32.55,83.61,51.85,Loamy,Pulses,40.4,33.95,53.63,20-20
21.89,71.86,57.7,Loamy,Maize,39.3,34.37,38.56,20-20
28.18,74.71,52.01,Sandy,Ground Nuts,16.53,7.11,18.98,10-26-26
24.53,63.43,65.28,Clayey,Oil seeds,61.23,58.69,39.84,14-35-14
30.08,55.3,5.0,Clayey,Cotton,68.85,40.44,32.88,17-17-17
32.89,76.86,68.63,Clayey,Wheat,82.02,48.02,45.8,14-35-14
23.08,82.65,25.67,Clayey,Wheat,61.67,28.3,47.68,14-35-14
20.98,58.74,78.81,Loamy,Oil seeds,51.08,24.47,59.85,10-26-26
29.54,76.0,19.33,Black,Millets,61.29,48.99,39.2,20-20
34.2,67.28,29.47,Clayey,Sugarcane,69.61,27.73,48.54,14-35-14
26.24,47.08,32.41,Loamy,Ground Nuts,60.64,43.98,40.14,20-20
28.05,72.76,22.53,Clayey,Wheat,44.8,47.86,43.41,14-35-14
27.53,68.63,84.78,Black,Rice,67.32,31.16,61.71,Urea
26.94,48.5,76.72,Black,Watermelon,83.56,61.63,44.31,DAP
31.88,69.64,48.71,Black,Paddy,73.8,49.24,45.37,Urea
28.16,35.36,37.17,Clayey,Maize,65.89,35.0,45.78,28-28
27.09,43.99,32.63,Red,Cotton,34.08,18.62,41.49,28-28
33.81,23.09,39.24,Black,Sugarcane,72.03,46.03,48.06,Urea
31.93,50.72,32.25,Sandy,Rice,16.57,14.9,11.83,Urea
23.75,48.11,35.91,Red,Millets,18.23,24.27,29.75,28-28
25.66,58.21,51.31,Black,Barley,75.04,61.87,51.84,17-17-17
21.56,40.6,43.36,Red,Rice,16.78,11.77,2.91,DAP
33.89,87.62,51.68,Red,Paddy,17.69,28.3,16.53,DAP
33.89,69.07,22.62,Black,Barley,71.39,45.78,57.27,17-17-17
18.17,73.24,53.79,Sandy,Cotton,18.72,13.19,18.82,14-35-14
25.81,64.23,68.7,Loamy,Barley,69.36,39.54,44.32,DAP
30.38,51.02,33.53,Black,Cotton,55.25,60.97,70.39,DAP
31.55,54.14,29.72,Sandy,Rice,29.55,2.35,8.75,Urea
20.55,71.7,58.68,Black,Oil seeds,59.82,53.15,60.78,17-17-17
23.45,81.09,34.73,Red,Tobacco,11.05,25.45,20.61,10-26-26
31.28,69.53,36.77,Red,Barley,42.1,15.27,17.85,20-20
25.88,47.18,27.06,Clayey,Sugarcane,71.85,28.87,49.92,14-35-14
34.96,77.3,30.93,Loamy,Paddy,29.18,37.32,44.45,Urea
22.74,43.79,19.21,Red,Watermelon,22.14,25.76,12.98,20-20
37.12,73.15,26.52,Sandy,Oil seeds,28.35,10.91,24.62,20-20
28.89,100.0,36.1,Clayey,Rice,45.35,44.93,58.15,Urea
22.84,51.12,41.59,Clayey,Millets,66.59,48.77,20.01,17-17-17
30.72,83.73,26.12,Sandy,Barley,23.49,9.57,20.63,Urea
40.81,84.37,32.82,Sandy,Wheat,20.14,7.28,19.84,Urea
27.04,46.95,55.89,Red,Oil seeds,44.27,13.58,25.29,DAP
32.75,52.01,44.32,Clayey,Paddy,58.6,48.37,23.42,Urea
25.9,59.02,22.84,Sandy,Tobacco,26.63,14.29,20.59,10-26-26
26.84,47.5,57.46,Sandy,Ground Nuts,28.19,10.43,20.83,10-26-26
32.16,74.39,47.35,Red,Cotton,34.16,23.98,28.34,28-28
29.71,33.52,19.9,Clayey,Oil seeds,79.29,59.07,40.01,14-35-14
22.48,33.05,74.45,Red,Oil seeds,25.58,17.06,11.24,DAP
27.65,42.2,60.87,Sandy,Millets,25.52,15.29,16.59,Urea
28.91,42.38,56.01,Sandy,Wheat,5.67,10.33,14.88,Urea
18.72,48.74,52.72,Sandy,Rice,8.3,9.14,17.59,Urea
34.07,51.23,37.88,Loamy,Sugarcane,53.24,48.87,32.6,17-17-17
25.93,52.84,26.17,Loamy,Barley,53.66,36.12,31.95,DAP
33.5,38.63,30.38,Loamy,Cotton,59.19,45.08,43.42,14-35-14
34.33,66.45,36.84,Loamy,Barley,50.59,48.81,48.43,DAP
27.08,60.56,84.1,Red,Tobacco,16.63,24.45,21.39,10-26-26
23.47,61.6,34.72,Loamy,Barley,56.34,42.11,46.31,DAP
30.87,64.59,45.41,Sandy,Rice,12.09,7.14,10.0,Urea
26.24,50.62,40.8,Sandy,Rice,48.89,16.67,22.19,Urea
35.24,63.58,67.0,Red,Wheat,25.2,29.91,19.13,28-28
26.68,70.88,22.04,Sandy,Barley,23.69,15.45,13.45,Urea
29.09,77.54,18.47,Clayey,Millets,50.16,48.75,42.52,17-17-17
42.11,91.17,21.04,Black,Barley,51.55,36.25,29.8,17-17-17
37.33,56.25,49.16,Sandy,Sugarcane,12.4,13.78,7.69,10-26-26
25.5,47.39,24.49,Clayey,Ground Nuts,72.94,51.07,45.36,14-35-14
24.32,54.52,12.78,Black,Ground Nuts,64.09,56.27,40.52,17-17-17
31.02,88.61,52.06,Sandy,Rice,23.25,13.59,12.42,Urea
35.11,65.21,57.23,Black,Sugarcane,78.66,47.79,39.46,Urea
29.94,41.43,33.66,Clayey,Pulses,50.86,24.48,32.36,14-35-14
29.19,55.24,51.88,Loamy,Paddy,36.02,50.61,40.79,Urea
28.31,43.76,32.03,Black,Paddy,58.01,44.57,51.28,Urea
20.38,69.41,55.92,Sandy,Wheat,18.95,8.97,9.33,Urea
29.75,46.57,60.94,Clayey,Tobacco,54.12,33.67,47.31,14-35-14
24.84,74.75,41.47,Clayey,Ground Nuts,51.41,41.76,45.42,14-35-14
25.97,46.88,22.33,Clayey,Barley,62.19,27.35,57.97,28-28
29.57,55.87,42.88,Black,Maize,69.31,46.86,32.47,17-17-17
32.5,70.41,13.41,Sandy,Wheat,21.73,15.73,15.7,Urea
21.92,56.2,26.95,Black,Pulses,63.11,51.18,69.88,17-17-17
31.68,75.7,27.43,Black,Pulses,85.24,52.03,48.07,17-17-17
33.72,57.08,49.39,Sandy,Cotton,33.51,16.59,9.63,14-35-14
34.19,43.23,57.33,Red,Maize,24.54,25.78,8.68,DAP
30.31,49.87,62.96,Clayey,Tobacco,51.14,51.52,44.78,14-35-14
23.17,80.9,24.35,Loamy,Maize,44.36,38.46,28.26,20-20
29.01,61.31,51.55,Sandy,Cotton,25.44,16.37,10.14,14-35-14
25.77,61.42,42.66,Sandy,Oil seeds,19.24,19.34,7.66,20-20
33.37,59.99,18.13,Red,Millets,36.18,9.23,15.62,28-28
32.21,82.38,57.23,Red,Watermelon,3.49,12.47,15.78,20-20
18.43,54.79,36.85,Clayey,Barley,65.11,39.77,52.46,28-28
31.52,58.43,15.08,Clayey,Millets,64.02,39.01,36.31,17-17-17
29.18,47.22,50.85,Red,Tobacco,45.46,30.63,20.59,10-26-26
26.34,62.7,50.26,Black,Rice,93.29,55.68,54.94,Urea
21.48,67.12,43.16,Black,Wheat,80.5,43.65,56.7,17-17-17
36.4,85.73,47.3,Black,Millets,67.02,61.95,33.65,20-20
25.74,75.0,41.18,Loamy,Cotton,39.71,34.44,32.07,14-35-14
30.4,75.22,49.24,Black,Tobacco,70.69,40.29,39.53,17-17-17
19.67,57.07,51.15,Clayey,Tobacco,75.62,40.31,39.54,14-35-14
20.98,68.15,53.32,Sandy,Pulses,14.9,4.9,13.01,DAP
22.32,56.53,57.2,Black,Ground Nuts,86.84,58.05,54.33,17-17-17
35.1,70.14,71.59,Red,Oil seeds,37.93,17.23,12.89,DAP
33.3,48.25,55.33,Clayey,Barley,53.04,48.61,31.34,28-28
26.95,67.8,60.92,Red,Oil seeds,21.47,12.8,23.11,DAP
31.85,57.42,50.59,Clayey,Watermelon,73.75,66.51,50.95,10-26-26
13.35,67.2,25.64,Sandy,Rice,12.57,20.48,11.02,Urea
33.84,69.85,59.01,Red,Watermelon,39.9,34.38,28.71,20-20
26.67,74.89,27.48,Loamy,Watermelon,36.67,51.93,46.27,14-35-14
29.45,56.97,46.92,Loamy,Wheat,65.87,40.83,41.52,DAP
33.81,83.31,27.14,Loamy,Sugarcane,39.92,25.23,38.71,17-17-17
26.33,52.88,35.2,Loamy,Pulses,61.06,28.0,48.66,20-20
27.58,69.63,18.14,Loamy,Wheat,51.56,36.15,22.68,DAP
30.59,65.41,52.81,Clayey,Oil seeds,85.97,39.81,33.7,14-35-14
31.88,44.97,33.71,Black,Watermelon,58.65,36.83,56.08,DAP
32.88,78.01,51.52,Sandy,Paddy,25.23,16.37,19.14,Urea
26.71,48.88,32.2,Red,Tobacco,22.36,12.59,9.1,10-26-26
27.71,43.62,80.49,Sandy,Rice,24.6,12.87,15.0,Urea
20.93,47.94,33.52,Sandy,Wheat,17.88,18.21,12.47,Urea
32.93,79.48,41.45,Clayey,Tobacco,65.93,51.96,50.17,14-35-14
27.27,57.45,56.29,Red,Rice,34.34,15.4,11.05,DAP
25.49,59.49,57.25,Loamy,Oil seeds,57.13,51.67,42.87,10-26-26
33.02,86.18,45.3,Sandy,Rice,26.0,12.89,6.98,Urea
36.76,47.38,66.5,Sandy,Pulses,12.3,14.15,7.48,DAP
26.96,44.55,34.97,Clayey,Paddy,74.74,32.71,44.98,Urea
39.5,52.61,35.52,Loamy,Pulses,37.5,47.98,41.19,20-20
27.77,52.53,61.69,Loamy,Ground Nuts,51.68,37.69,32.5,20-20
17.75,65.67,35.52,Sandy,Barley,19.64,15.53,10.53,Urea
22.98,72.84,59.37,Loamy,Tobacco,63.85,40.42,38.41,20-20
31.71,67.29,33.65,Red,Millets,41.98,32.41,8.26,28-28
24.83,37.8,64.87,Sandy,Paddy,13.28,3.92,24.72,Urea
25.04,38.6,60.89,Clayey,Maize,74.21,57.87,24.98,28-28
22.97,63.53,60.82,Red,Ground Nuts,25.9,8.15,13.43,DAP
21.95,65.7,68.74,Sandy,Millets,29.52,8.7,14.23,Urea
33.14,57.05,58.76,Black,Watermelon,80.04,28.67,24.34,DAP
28.88,57.69,47.99,Red,Tobacco,32.64,17.42,20.79,10-26-26
23.45,41.22,26.35,Sandy,Paddy,4.02,2.34,12.67,Urea
33.97,38.87,50.99,Loamy,Ground Nuts,58.72,60.08,23.62,20-20
30.96,77.59,33.63,Sandy,Wheat,12.15,7.03,20.81,Urea
23.2,56.5,59.18,Clayey,Pulses,52.09,42.08,56.37,14-35-14
26.53,75.59,52.45,Sandy,Watermelon,30.38,3.18,15.69,17-17-17
26.21,62.21,47.26,Loamy,Sugarcane,57.1,33.11,43.03,17-17-17
24.59,44.98,40.78,Loamy,Pulses,57.5,37.53,19.58,20-20
28.97,63.54,32.24,Sandy,Sugarcane,7.85,8.41,7.84,10-26-26
21.83,53.99,39.91,Sandy,Cotton,28.24,15.91,21.02,14-35-14
24.19,81.68,67.69,Black,Oil seeds,77.46,49.06,31.91,17-17-17
27.49,46.55,48.15,Sandy,Paddy,11.9,10.28,15.8,Urea
31.89,47.9,69.71,Black,Paddy,68.87,43.74,58.63,Urea
32.32,64.18,23.59,Sandy,Paddy,27.05,21.56,24.34,Urea
33.48,66.42,7.95,Black,Millets,78.62,44.64,40.49,20-20
29.98,60.51,19.79,Black,Barley,63.66,17.79,63.53,17-17-17
27.76,78.83,74.53,Clayey,Paddy,55.97,43.64,39.93,Urea
24.83,51.61,25.54,Black,Paddy,85.44,46.22,58.36,Urea
22.61,76.37,46.05,Loamy,Sugarcane,56.68,23.96,42.43,17-17-17
30.39,52.9,35.44,Clayey,Millets,60.65,48.84,58.47,17-17-17
24.54,73.49,49.61,Clayey,Pulses,54.11,48.57,53.5,14-35-14
27.09,64.78,68.44,Black,Rice,64.97,53.2,45.01,Urea
32.26,71.0,76.65,Black,Pulses,77.54,54.05,52.16,17-17-17
29.72,54.81,16.51,Sandy,Ground Nuts,24.87,11.98,14.69,10-26-26
22.99,67.13,52.08,Loamy,Rice,47.03,57.93,50.1,Urea
18.06,56.7,50.36,Black,Watermelon,71.04,50.92,47.01,DAP
27.15,80.29,9.53,Loamy,Paddy,57.81,46.25,51.65,Urea
29.52,69.08,38.68,Sandy,Rice,23.6,16.87,19.1,Urea
22.72,81.63,44.91,Clayey,Maize,54.44,49.92,38.51,28-28
22.81,86.84,38.22,Black,Oil seeds,76.1,47.0,52.09,17-17-17
35.75,57.2,64.89,Black,Pulses,16.41,45.49,44.89,17-17-17
23.95,78.93,46.96,Clayey,Millets,56.94,38.98,29.51,17-17-17
31.37,50.65,63.5,Black,Watermelon,84.74,54.8,42.76,DAP
25.9,56.71,46.02,Clayey,Cotton,68.33,46.41,41.62,17-17-17
27.15,57.53,57.1,Loamy,Barley,49.7,34.03,40.22,DAP
30.62,54.53,34.54,Black,Watermelon,73.81,55.34,55.6,DAP
21.25,88.87,68.28,Loamy,Paddy,60.44,35.95,34.35,Urea
28.06,68.7,67.26,Sandy,Cotton,17.1,6.64,24.26,14-35-14
24.77,37.63,62.32,Clayey,Watermelon,66.78,56.17,42.34,10-26-26
27.08,78.81,33.07,Clayey,Maize,71.82,41.33,51.42,28-28
38.3,63.78,53.99,Clayey,Pulses,72.23,56.33,28.31,14-35-14
26.54,41.63,49.71,Black,Wheat,73.84,66.36,55.28,17-17-17
32.6,54.34,61.45,Sandy,Rice,8.17,14.69,9.43,Urea
29.42,54.91,44.38,Loamy,Wheat,50.58,51.2,48.07,DAP
32.49,73.91,40.35,Red,Ground Nuts,35.38,27.59,11.03,DAP
29.43,48.81,36.32,Red,Sugarcane,10.02,25.52,21.55,20-20
29.75,75.88,67.14,Black,Sugarcane,52.15,49.51,38.66,Urea
22.67,43.62,39.27,Clayey,Oil seeds,57.64,35.57,11.85,14-35-14
28.97,53.59,45.24,Loamy,Oil seeds,48.2,44.29,52.12,10-26-26
23.13,45.75,47.01,Clayey,Oil seeds,51.8,45.87,49.69,14-35-14
25.33,80.34,44.92,Sandy,Tobacco,11.71,6.33,19.88,10-26-26
27.73,30.79,31.59,Clayey,Tobacco,64.06,24.08,71.21,14-35-14
22.91,49.53,22.63,Clayey,Pulses,52.62,46.76,48.6,14-35-14
25.83,58.61,40.28,Clayey,Barley,64.4,47.17,43.52,28-28
22.09,52.92,49.85,Loamy,Wheat,63.88,46.72,46.42,DAP
33.88,50.26,52.93,Sandy,Cotton,29.07,10.52,7.72,14-35-14
26.41,65.53,21.58,Red,Sugarcane,43.91,12.77,20.28,20-20
19.52,42.6,38.71,Red,Paddy,44.03,3.85,12.94,DAP
30.88,61.56,46.46,Black,Oil seeds,76.2,66.15,61.3,17-17-17
31.82,41.05,56.0,Loamy,Ground Nuts,60.3,43.27,56.27,20-20
27.57,88.67,54.99,Loamy,Tobacco,73.63,20.7,23.3,20-20
27.46,50.15,65.92,Loamy,Wheat,44.78,40.99,37.46,DAP
17.49,45.32,48.59,Clayey,Paddy,71.03,30.98,42.09,Urea
26.85,53.97,59.61,Black,Wheat,62.28,33.28,27.39,17-17-17
17.45,42.01,64.58,Red,Watermelon,27.84,42.2,22.8,20-20
32.56,42.02,48.62,Loamy,Cotton,48.5,42.27,47.58,14-35-14
22.37,67.33,40.55,Clayey,Millets,53.16,42.66,38.34,17-17-17
27.84,80.38,40.45,Clayey,Barley,56.18,48.39,53.12,28-28
26.92,60.62,56.86,Black,Oil seeds,81.63,68.05,54.59,17-17-17
25.47,57.41,39.68,Loamy,Tobacco,55.91,49.83,54.95,20-20
34.14,57.4,40.1,Black,Oil seeds,86.13,46.89,62.93,17-17-17
28.08,33.88,64.57,Loamy,Sugarcane,56.23,43.1,39.21,17-17-17
35.12,66.57,32.53,Sandy,Sugarcane,18.49,11.48,13.72,10-26-26
28.45,46.54,46.95,Loamy,Paddy,45.39,41.42,41.89,Urea
27.7,91.29,65.06,Sandy,Cotton,9.28,11.91,15.58,14-35-14
26.97,61.03,40.54,Loamy,Maize,61.46,54.37,28.55,20-20
39.99,29.67,42.59,Clayey,Wheat,54.07,43.81,46.77,14-35-14
31.23,75.59,31.22,Loamy,Barley,63.66,36.13,53.29,DAP
27.85,90.81,63.12,Loamy,Sugarcane,65.14,22.54,27.02,17-17-17
19.87,51.65,45.49,Sandy,Oil seeds,30.32,22.24,15.33,20-20
29.44,59.29,80.51,Black,Rice,69.27,53.76,39.33,Urea
20.97,81.73,41.28,Sandy,Oil seeds,19.24,12.84,18.88,20-20
30.95,73.46,58.57,Clayey,Pulses,51.04,49.0,56.82,14-35-14
38.46,79.9,54.71,Black,Wheat,67.57,29.21,54.87,17-17-17
32.34,52.61,11.95,Clayey,Millets,51.98,33.2,46.35,17-17-17
21.71,73.81,41.88,Red,Maize,0.0,19.84,31.57,DAP
22.71,64.86,58.48,Clayey,Paddy,55.24,35.58,71.3,Urea
32.46,86.5,52.21,Clayey,Rice,74.44,38.33,30.65,Urea
25.66,57.82,41.48,Red,Ground Nuts,51.63,20.0,16.1,DAP
31.3,47.09,29.46,Loamy,Ground Nuts,46.04,30.21,36.92,20-20
31.4,43.06,33.8,Loamy,Tobacco,61.34,35.24,34.86,20-20
28.07,67.02,53.25,Clayey,Pulses,48.83,37.67,63.53,14-35-14
31.73,69.68,77.45,Red,Watermelon,31.91,9.12,20.37,20-20
35.94,66.0,47.49,Loamy,Tobacco,37.9,36.98,37.88,20-20
25.71,62.94,25.96,Sandy,Sugarcane,23.65,21.36,20.26,10-26-26
27.23,67.72,48.86,Black,Cotton,91.98,40.25,47.54,DAP
27.14,65.5,42.4,Loamy,Millets,53.31,60.81,35.06,DAP
26.99,73.66,7.84,Red,Sugarcane,30.14,28.19,20.26,20-20
18.84,60.47,63.37,Black,Wheat,79.25,49.4,39.99,17-17-17
19.66,74.3,5.0,Clayey,Wheat,61.07,42.1,36.75,14-35-14
26.08,79.85,37.34,Sandy,Sugarcane,13.14,3.88,15.57,10-26-26
33.26,67.58,71.87,Black,Rice,61.36,47.17,57.07,Urea
17.93,54.68,31.02,Black,Oil seeds,72.57,67.11,35.92,17-17-17
25.27,51.99,48.9,Clayey,Maize,57.0,49.54,37.88,28-28
30.74,82.88,29.85,Clayey,Pulses,64.66,45.85,52.06,14-35-14
30.34,52.92,45.88,Black,Oil seeds,51.17,59.93,41.74,17-17-17
22.95,56.27,30.28,Red,Wheat,37.7,16.92,16.23,28-28
35.41,60.12,37.29,Red,Pulses,26.89,14.77,8.18,10-26-26
37.68,71.13,47.81,Loamy,Tobacco,94.06,21.85,27.56,20-20
26.57,50.74,28.35,Black,Rice,73.24,37.22,58.95,Urea
30.78,67.52,34.38,Loamy,Pulses,42.67,46.16,43.5,20-20
27.49,61.27,65.36,Loamy,Millets,57.63,48.64,31.4,DAP
24.74,86.66,55.09,Loamy,Watermelon,56.64,28.89,41.77,14-35-14
29.08,52.09,61.7,Loamy,Tobacco,44.84,45.79,42.92,20-20
34.58,88.93,45.7,Red,Rice,29.67,31.12,15.86,DAP
27.07,42.5,52.25,Red,Cotton,23.82,9.57,21.11,28-28
26.46,31.6,48.2,Red,Rice,23.25,13.66,18.84,DAP
22.57,42.03,39.14,Sandy,Oil seeds,21.88,12.39,24.39,20-20
32.98,65.54,19.36,Red,Tobacco,26.4,15.95,15.9,10-26-26
35.8,51.97,49.91,Loamy,Ground Nuts,48.8,34.64,27.11,20-20
38.77,68.66,27.33,Sandy,Cotton,13.94,16.04,16.66,14-35-14
26.45,58.77,51.41,Loamy,Sugarcane,55.95,46.29,22.67,17-17-17
20.48,40.31,13.78,Sandy,Millets,9.02,15.75,19.51,Urea
23.41,39.85,48.94,Sandy,Wheat,9.31,14.0,21.58,Urea
24.09,73.13,21.9,Loamy,Oil seeds,43.8,39.31,38.88,10-26-26
31.04,100.0,45.6,Sandy,Ground Nuts,19.96,13.95,17.22,10-26-26
19.7,24.1,39.23,Black,Paddy,61.22,52.97,55.99,Urea
20.8,47.19,74.43,Clayey,Barley,62.95,38.71,38.53,28-28
34.25,55.63,30.74,Red,Barley,25.41,4.83,37.02,20-20
23.53,43.25,39.46,Red,Oil seeds,38.9,32.77,25.39,DAP
17.12,45.11,36.76,Sandy,Paddy,21.75,8.39,15.21,Urea
26.34,90.53,67.13,Sandy,Sugarcane,17.48,15.51,16.96,10-26-26
26.74,93.54,28.94,Clayey,Rice,72.65,37.51,29.18,Urea
26.92,39.73,32.42,Black,Tobacco,71.31,46.52,39.32,17-17-17
23.7,58.77,59.8,Clayey,Barley,65.12,43.79,48.65,28-28
22.04,47.48,34.08,Red,Ground Nuts,44.43,21.7,11.13,DAP
19.08,80.57,63.19,Red,Cotton,31.52,8.46,9.68,28-28
22.95,70.62,57.21,Sandy,Paddy,19.66,2.56,11.36,Urea
34.7,80.95,49.6,Red,Maize,35.21,16.57,2.37,DAP
38.58,47.39,56.25,Loamy,Paddy,47.94,29.16,54.18,Urea
32.15,48.92,33.82,Clayey,Watermelon,60.28,43.04,54.27,10-26-26
27.68,41.19,30.02,Clayey,Sugarcane,66.71,54.39,55.68,14-35-14
22.65,47.43,46.63,Black,Ground Nuts,70.3,60.18,53.06,17-17-17
31.17,68.83,37.06,Black,Paddy,78.69,51.01,41.16,Urea
31.15,74.06,61.53,Black,Ground Nuts,90.61,63.47,53.41,17-17-17
27.99,52.22,36.3,Loamy,Barley,42.4,40.43,42.69,DAP
25.29,48.18,35.69,Clayey,Rice,66.38,26.99,50.01,Urea
27.93,57.62,63.79,Sandy,Tobacco,28.2,16.41,12.24,10-26-26
31.46,75.34,66.39,Red,Maize,43.23,18.31,13.59,DAP
29.67,63.14,49.65,Black,Wheat,82.46,51.78,48.52,17-17-17
28.26,56.97,48.32,Loamy,Oil seeds,45.25,33.83,57.85,10-26-26
20.91,52.71,34.03,Clayey,Tobacco,57.27,43.99,50.66,14-35-14
30.53,51.27,37.03,Red,Maize,22.27,23.58,33.35,DAP
34.92,63.67,69.53,Black,Paddy,77.97,31.2,35.32,Urea
32.7,63.76,49.39,Clayey,Ground Nuts,69.04,35.69,44.76,14-35-14
30.37,50.44,37.35,Loamy,Rice,55.69,48.02,48.29,Urea
29.98,33.25,41.35,Clayey,Wheat,59.95,59.8,29.29,14-35-14
21.3,34.77,64.74,Clayey,Tobacco,76.49,39.92,53.61,14-35-14
25.37,70.7,44.66,Red,Watermelon,27.78,0.58,18.01,20-20
29.5,49.66,37.15,Black,Watermelon,62.23,29.82,46.17,DAP
21.5,38.26,47.51,Black,Wheat,95.04,53.28,42.14,17-17-17
32.11,39.51,65.04,Sandy,Pulses,23.45,14.31,19.7,DAP
29.4,69.12,47.8,Black,Maize,72.99,49.05,65.77,17-17-17
25.51,45.75,61.06,Clayey,Rice,43.25,44.6,31.86,Urea
26.99,66.45,64.61,Loamy,Cotton,54.86,46.6,40.12,14-35-14
31.75,55.09,32.08,Red,Millets,25.85,17.25,8.81,28-28
30.21,36.65,37.44,Sandy,Ground Nuts,20.08,10.18,12.26,10-26-26
23.45,100.0,82.34,Clayey,Paddy,48.75,38.17,48.34,Urea
18.71,61.59,33.05,Red,Tobacco,37.07,22.08,28.87,10-26-26
24.52,95.04,50.37,Sandy,Tobacco,28.46,4.94,17.13,10-26-26
30.15,54.36,17.15,Sandy,Watermelon,22.85,16.05,14.35,17-17-17
28.63,58.86,37.72,Black,Millets,44.91,45.61,49.71,20-20
30.46,51.93,46.0,Sandy,Millets,16.32,10.34,14.6,Urea
32.05,58.94,51.97,Clayey,Watermelon,58.77,49.67,50.98,10-26-26
29.57,42.62,24.92,Black,Oil seeds,73.18,22.62,25.83,17-17-17
29.24,64.36,43.7,Loamy,Tobacco,70.01,36.69,50.82,20-20
26.97,66.02,23.72,Red,Rice,19.53,17.86,28.3,DAP
34.08,81.17,32.89,Sandy,Oil seeds,30.8,8.61,17.71,20-20
25.8,79.47,42.23,Sandy,Oil seeds,23.4,12.93,14.88,20-20
33.42,66.2,47.22,Clayey,Cotton,42.14,39.68,49.11,17-17-17
27.75,51.88,24.9,Loamy,Maize,47.91,37.12,40.23,20-20
27.45,86.79,45.49,Clayey,Ground Nuts,57.06,52.22,47.73,14-35-14
28.01,61.31,82.34,Clayey,Ground Nuts,45.18,41.58,44.12,14-35-14
15.12,63.04,73.84,Clayey,Barley,68.97,49.01,44.39,28-28
27.55,44.94,44.6,Loamy,Paddy,50.43,42.77,43.13,Urea
28.07,58.47,26.11,Black,Ground Nuts,70.07,53.56,56.08,17-17-17
26.38,74.91,30.02,Black,Pulses,49.67,53.41,54.8,17-17-17
27.34,45.69,53.11,Black,Oil seeds,59.4,56.75,45.47,17-17-17
25.24,40.41,46.94,Black,Paddy,84.79,45.15,55.48,Urea
32.22,54.54,46.53,Red,Rice,27.4,18.79,6.54,DAP
32.22,43.14,37.16,Sandy,Wheat,17.71,6.61,11.99,Urea
25.3,69.98,19.23,Sandy,Paddy,21.71,14.76,20.25,Urea
24.56,52.31,51.23,Black,Barley,86.8,48.57,64.21,17-17-17
25.06,57.36,64.69,Loamy,Oil seeds,66.54,47.73,31.69,10-26-26
23.18,98.66,47.62,Black,Oil seeds,72.39,47.24,62.12,17-17-17
26.22,63.61,72.58,Clayey,Sugarcane,61.19,47.87,56.89,14-35-14
37.18,30.82,44.46,Black,Pulses,55.12,71.07,31.62,17-17-17
28.08,43.11,55.24,Red,Sugarcane,6.78,34.37,5.31,20-20
26.0,61.31,11.89,Loamy,Cotton,61.44,48.51,37.58,14-35-14
34.62,52.4,33.0,Red,Barley,33.9,13.53,10.23,20-20
29.91,62.12,13.04,Clayey,Wheat,54.74,41.15,58.88,14-35-14
26.45,66.29,43.12,Loamy,Wheat,68.91,45.17,32.95,DAP
25.08,53.91,49.5,Black,Oil seeds,78.42,35.43,32.39,17-17-17
39.39,87.29,52.01,Sandy,Sugarcane,28.04,8.31,12.46,10-26-26
30.53,69.0,32.85,Loamy,Ground Nuts,60.13,32.67,19.12,20-20
37.24,48.01,49.88,Loamy,Pulses,57.37,47.49,28.81,20-20
27.52,86.78,51.56,Loamy,Ground Nuts,52.3,35.47,49.99,20-20
42.93,65.51,40.3,Loamy,Pulses,52.24,41.75,31.49,20-20
34.46,46.33,52.51,Red,Sugarcane,28.23,16.92,22.2,20-20
24.41,58.33,66.63,Sandy,Wheat,5.29,17.36,10.11,Urea
29.14,72.71,30.75,Loamy,Cotton,38.83,33.88,43.71,14-35-14
30.89,57.23,47.9,Red,Wheat,27.51,24.33,6.47,28-28
23.93,52.68,37.3,Red,Tobacco,27.24,14.63,28.6,10-26-26
20.17,39.84,20.95,Red,Maize,22.04,13.94,22.71,DAP
35.94,66.1,30.57,Red,Tobacco,30.35,19.3,35.97,10-26-26
23.41,81.3,47.81,Clayey,Wheat,64.41,25.45,43.22,14-35-14
30.42,85.62,51.07,Sandy,Tobacco,21.66,15.62,12.34,10-26-26
29.86,60.72,49.98,Black,Watermelon,67.59,54.48,37.68,DAP
24.36,59.15,53.12,Red,Rice,39.56,37.46,20.21,DAP
23.12,69.08,83.45,Sandy,Maize,11.24,9.61,7.42,DAP
32.96,48.18,52.98,Sandy,Millets,22.2,16.83,10.43,Urea
26.59,52.96,56.93,Loamy,Tobacco,81.39,9.44,41.37,20-20
32.11,70.48,61.75,Sandy,Tobacco,32.09,17.11,7.12,10-26-26
19.0,50.17,54.58,Loamy,Wheat,57.81,53.65,42.48,DAP
23.99,54.79,56.56,Loamy,Barley,45.74,34.87,35.02,DAP
22.68,61.41,34.25,Clayey,Maize,70.92,39.86,38.93,28-28
29.38,71.22,62.57,Sandy,Sugarcane,10.14,8.25,18.74,10-26-26
34.51,53.01,24.15,Loamy,Ground Nuts,51.3,41.62,42.94,20-20
28.52,41.01,34.04,Sandy,Rice,29.09,7.88,9.34,Urea
30.14,46.8,47.41,Black,Wheat,68.23,59.15,58.9,17-17-17
29.41,74.81,51.62,Sandy,Sugarcane,13.21,13.17,7.24,10-26-26
17.59,33.59,32.29,Clayey,Maize,57.13,30.04,56.87,28-28
26.49,73.72,48.84,Loamy,Cotton,46.1,25.66,29.46,14-35-14
36.47,33.91,55.57,Sandy,Millets,24.31,5.88,20.87,Urea
23.85,52.85,40.66,Loamy,Paddy,52.64,40.8,34.75,Urea
28.46,56.22,54.74,Loamy,Millets,71.59,18.06,56.6,DAP
25.95,44.86,34.3,Loamy,Tobacco,46.07,41.87,48.09,20-20
35.54,54.99,61.64,Loamy,Watermelon,66.28,58.85,49.17,14-35-14
27.15,63.04,24.25,Red,Cotton,38.25,13.4,18.52,28-28
24.43,69.65,44.79,Black,Maize,60.77,59.53,39.06,17-17-17
25.52,69.9,66.53,Black,Rice,64.91,64.78,40.6,Urea
28.89,61.85,58.87,Black,Oil seeds,77.64,38.48,46.73,17-17-17
27.2,85.52,57.67,Clayey,Oil seeds,60.21,22.4,56.84,14-35-14
36.36,70.57,19.49,Red,Barley,30.95,19.58,6.44,20-20
25.65,57.07,49.57,Sandy,Paddy,15.01,12.53,5.71,Urea
31.23,79.4,20.01,Sandy,Ground Nuts,26.95,2.39,13.61,10-26-26
30.34,79.66,62.57,Clayey,Oil seeds,57.25,38.11,40.43,14-35-14
24.94,57.67,47.41,Sandy,Pulses,9.4,13.35,19.07,DAP
24.93,62.36,27.34,Red,Tobacco,27.81,15.13,31.6,10-26-26
30.19,60.01,25.03,Loamy,Tobacco,59.32,52.13,41.16,20-20
20.22,59.99,37.18,Black,Rice,56.72,57.63,69.63,Urea
18.62,66.16,58.2,Sandy,Cotton,10.66,15.15,18.12,14-35-14
24.85,33.36,70.09,Loamy,Maize,72.31,26.08,30.94,20-20
26.57,65.44,53.15,Sandy,Millets,20.18,2.41,12.09,Urea
23.25,49.8,28.09,Loamy,Barley,54.12,29.93,32.92,DAP
30.25,25.3,61.92,Sandy,Wheat,16.62,5.26,13.27,Urea
20.36,78.14,35.01,Clayey,Cotton,69.47,45.05,53.21,17-17-17
26.48,56.72,56.49,Sandy,Ground Nuts,25.94,13.08,11.17,10-26-26
34.93,70.16,39.52,Black,Paddy,64.84,36.19,50.86,Urea
28.56,79.53,50.45,Sandy,Barley,28.57,9.74,21.69,Urea
23.29,53.14,45.82,Loamy,Tobacco,33.86,32.94,43.0,20-20
27.78,38.85,55.26,Loamy,Watermelon,59.65,50.48,52.12,14-35-14
27.98,58.97,6.33,Loamy,Ground Nuts,71.16,32.4,41.27,20-20
27.61,79.06,62.38,Loamy,Pulses,66.23,39.02,52.79,20-20
20.95,65.26,42.16,Loamy,Wheat,59.28,37.72,39.96,DAP
31.78,69.18,31.88,Loamy,Pulses,52.93,36.74,37.28,20-20
20.81,54.34,63.99,Clayey,Paddy,62.29,27.92,31.54,Urea
34.73,83.9,37.33,Clayey,Oil seeds,52.1,63.82,49.71,14-35-14
34.72,62.43,20.76,Red,Ground Nuts,19.55,24.07,12.03,DAP
31.24,51.72,47.45,Clayey,Millets,47.11,28.74,55.14,17-17-17
33.59,61.43,43.6,Black,Ground Nuts,60.79,66.0,60.63,17-17-17
28.03,49.49,42.32,Black,Pulses,60.01,46.1,53.5,17-17-17
25.06,45.83,48.57,Red,Rice,27.88,18.33,29.26,DAP
28.43,51.22,73.34,Black,Ground Nuts,87.7,44.39,60.12,17-17-17
25.19,44.81,49.71,Sandy,Cotton,21.94,3.38,3.52,14-35-14
26.5,48.86,46.18,Red,Paddy,22.98,27.49,25.08,DAP
24.01,76.37,56.74,Sandy,Oil seeds,23.58,15.27,12.63,20-20
27.34,59.24,51.95,Red,Tobacco,30.67,25.06,18.95,10-26-26
23.02,39.82,59.27,Sandy,Watermelon,27.5,20.42,11.07,17-17-17
18.45,58.73,67.65,Black,Oil seeds,65.24,41.49,38.69,17-17-17
27.15,68.59,73.35,Clayey,Tobacco,38.51,34.48,37.86,14-35-14
23.49,57.83,69.01,Loamy,Sugarcane,49.83,33.6,29.08,17-17-17
28.42,64.77,40.07,Black,Pulses,77.97,30.99,52.22,17-17-17
34.43,86.6,47.99,Loamy,Oil seeds,59.07,42.57,47.33,10-26-26
27.53,58.85,5.0,Sandy,Tobacco,27.68,14.74,24.15,10-26-26
32.78,50.63,57.42,Loamy,Cotton,77.34,56.31,58.87,14-35-14
29.05,57.59,82.51,Black,Millets,85.5,63.16,42.51,20-20
23.02,39.18,47.74,Loamy,Barley,34.05,35.43,47.42,DAP
25.35,57.99,67.26,Loamy,Millets,76.31,39.33,46.62,DAP
28.73,61.36,48.02,Red,Tobacco,42.97,18.05,23.49,10-26-26
27.78,54.51,36.56,Sandy,Oil seeds,11.45,6.89,16.8,20-20
29.31,38.22,42.47,Loamy,Cotton,69.78,28.86,32.95,14-35-14
39.45,39.16,20.32,Sandy,Rice,27.85,0.0,13.05,Urea
28.81,91.56,64.33,Sandy,Barley,20.16,19.75,0.7,Urea
27.13,65.58,45.62,Loamy,Pulses,50.8,41.27,51.41,20-20
29.09,48.16,23.42,Clayey,Sugarcane,53.51,49.77,35.69,14-35-14
27.75,64.9,69.44,Clayey,Ground Nuts,43.11,39.55,56.42,14-35-14
27.64,39.48,37.73,Red,Barley,20.39,17.26,14.37,20-20
31.73,63.09,63.87,Sandy,Wheat,17.86,7.42,15.2,Urea
32.41,49.61,30.42,Red,Ground Nuts,30.47,22.37,10.29,DAP
33.01,45.68,47.67,Loamy,Wheat,64.16,42.44,38.59,DAP
28.1,43.81,53.84,Sandy,Rice,15.68,13.09,8.45,Urea
25.08,52.82,50.39,Black,Pulses,73.34,41.54,44.91,17-17-17
28.92,76.99,23.63,Clayey,Tobacco,46.25,45.13,67.41,14-35-14
30.45,63.01,42.39,Loamy,Maize,60.21,35.31,36.61,20-20
31.15,78.67,53.22,Sandy,Paddy,9.04,10.01,3.38,Urea
25.66,76.71,15.82,Loamy,Wheat,69.64,48.59,47.96,DAP
26.39,46.65,28.4,Loamy,Rice,48.15,55.16,33.65,Urea
24.65,41.33,43.41,Clayey,Paddy,63.58,47.31,43.82,Urea
31.39,38.22,45.13,Loamy,Pulses,53.47,36.06,40.15,20-20
29.21,67.42,51.13,Clayey,Barley,54.37,47.6,43.9,28-28
29.85,62.58,34.02,Loamy,Rice,50.74,27.95,41.87,Urea
39.91,63.36,50.76,Black,Pulses,76.13,43.84,30.77,17-17-17
30.36,32.53,26.57,Black,Sugarcane,60.62,32.29,42.4,Urea
29.87,76.89,33.74,Clayey,Maize,60.3,47.58,18.42,28-28
27.16,57.89,33.74,Clayey,Pulses,81.38,39.42,55.54,14-35-14
32.47,74.54,52.07,Black,Maize,69.39,71.45,47.53,17-17-17
23.42,45.86,50.1,Clayey,Rice,68.24,41.44,32.62,Urea
36.31,70.04,60.11,Sandy,Oil seeds,13.7,8.14,16.27,20-20
23.08,45.49,59.77,Sandy,Sugarcane,5.96,16.39,1.73,10-26-26
26.67,47.36,50.79,Red,Wheat,24.82,15.74,17.61,28-28
25.58,45.07,72.41,Red,Watermelon,43.99,24.08,16.94,20-20
30.55,67.58,31.21,Sandy,Tobacco,31.66,12.01,14.2,10-26-26
37.45,62.9,43.37,Red,Ground Nuts,20.98,23.98,28.07,DAP
24.1,52.63,40.96,Clayey,Sugarcane,59.65,49.91,48.79,14-35-14
27.88,24.26,28.48,Sandy,Oil seeds,17.0,9.04,12.12,20-20
23.73,52.91,42.02,Red,Pulses,29.33,32.02,26.12,10-26-26
29.36,54.54,31.3,Clayey,Wheat,55.07,47.86,29.25,14-35-14
28.23,42.41,64.57,Loamy,Rice,62.73,50.79,64.27,Urea
21.75,69.18,50.97,Loamy,Barley,78.93,39.5,35.45,DAP
27.44,74.3,57.39,Sandy,Paddy,22.81,13.02,12.18,Urea
25.23,51.38,40.71,Clayey,Oil seeds,64.36,42.43,63.26,14-35-14
21.87,60.69,62.34,Red,Rice,37.67,21.42,7.4,DAP
26.76,49.47,61.49,Clayey,Maize,66.98,51.2,52.5,28-28
15.41,59.96,39.08,Loamy,Oil seeds,52.2,48.42,49.77,10-26-26
30.08,41.39,41.96,Red,Barley,23.32,18.8,18.83,20-20
29.49,36.84,53.51,Black,Sugarcane,63.59,33.31,52.11,Urea
22.33,41.76,33.46,Sandy,Rice,29.02,9.95,10.65,Urea
28.54,71.11,29.06,Black,Maize,70.16,34.46,42.12,17-17-17
29.66,50.37,60.38,Black,Oil seeds,63.45,29.2,42.15,17-17-17
28.91,76.48,37.2,Clayey,Rice,69.22,35.57,62.31,Urea
33.32,43.42,34.86,Clayey,Rice,62.5,37.07,41.48,Urea
25.82,62.65,38.79,Loamy,Sugarcane,53.01,43.68,37.79,17-17-17
24.32,35.24,37.03,Red,Cotton,40.27,20.7,17.93,28-28
28.71,55.15,49.78,Loamy,Ground Nuts,54.68,52.64,55.49,20-20
29.71,62.14,33.75,Black,Watermelon,68.15,56.08,43.33,DAP
28.31,82.42,15.7,Clayey,Pulses,59.88,51.73,32.76,14-35-14
28.56,40.51,79.49,Red,Ground Nuts,4.0,33.58,36.25,DAP
22.07,47.99,68.47,Red,Cotton,21.9,22.95,26.79,28-28
31.93,40.61,42.45,Loamy,Wheat,76.12,50.35,40.65,DAP
22.53,62.54,39.98,Loamy,Millets,48.09,36.03,50.44,DAP
26.16,53.69,79.18,Sandy,Barley,21.95,8.57,21.96,Urea
28.23,79.36,37.32,Sandy,Wheat,14.28,13.65,21.28,Urea
20.08,69.29,16.99,Red,Oil seeds,24.61,19.04,14.69,DAP
19.39,81.52,42.57,Loamy,Rice,56.56,40.28,42.79,Urea
28.8,73.76,51.93,Sandy,Pulses,14.81,9.95,14.15,DAP
27.62,64.49,47.27,Sandy,Rice,36.49,13.91,14.71,Urea
23.78,60.99,82.34,Black,Cotton,78.16,60.53,53.81,DAP
29.1,53.51,33.13,Black,Wheat,60.82,54.5,26.03,17-17-17
31.9,56.53,26.7,Clayey,Paddy,62.19,46.25,42.22,Urea
27.02,32.16,24.35,Clayey,Barley,69.24,39.81,26.11,28-28
32.27,46.92,39.34,Black,Barley,88.31,48.34,54.99,17-17-17
30.99,52.87,60.98,Clayey,Maize,56.46,37.38,45.33,28-28
27.98,82.04,51.63,Black,Oil seeds,80.71,43.79,58.92,17-17-17
24.76,49.18,49.66,Loamy,Pulses,67.68,38.35,43.14,20-20
28.46,30.96,48.36,Loamy,Sugarcane,40.7,22.98,30.43,17-17-17
33.62,21.17,52.38,Black,Rice,74.66,63.47,60.25,Urea
31.68,73.54,40.1,Sandy,Wheat,16.48,12.17,11.43,Urea
28.25,56.74,37.87,Black,Tobacco,77.27,53.36,30.56,17-17-17
34.13,71.96,38.41,Clayey,Cotton,48.14,25.83,58.57,17-17-17
30.54,43.44,56.8,Loamy,Sugarcane,69.06,39.51,44.98,17-17-17
22.77,70.26,44.2,Loamy,Tobacco,65.54,33.66,32.3,20-20
35.79,65.59,45.5,Red,Paddy,26.78,35.91,15.04,DAP
25.61,68.97,32.26,Sandy,Cotton,8.18,19.41,16.55,14-35-14
24.69,70.62,49.97,Clayey,Sugarcane,59.7,55.36,52.94,14-35-14
39.2,66.3,36.04,Red,Watermelon,53.14,20.62,18.24,20-20
26.11,76.29,73.59,Loamy,Ground Nuts,47.82,32.86,60.04,20-20
20.78,44.58,56.12,Sandy,Oil seeds,29.35,13.03,20.24,20-20
29.13,39.72,33.08,Sandy,Tobacco,10.67,9.41,11.02,10-26-26
25.25,50.75,49.28,Black,Maize,80.57,53.07,49.04,17-17-17
29.01,68.66,35.09,Red,Watermelon,35.01,16.41,20.09,20-20
34.83,50.55,53.61,Loamy,Maize,71.66,43.81,41.42,20-20
32.37,74.68,51.11,Sandy,Paddy,22.52,6.34,14.03,Urea
37.24,63.75,45.1,Sandy,Cotton,38.37,13.45,2.47,14-35-14
32.82,48.27,28.8,Clayey,Barley,61.63,31.15,44.92,28-28
31.37,82.48,57.91,Sandy,Millets,16.52,13.5,4.7,Urea
36.23,68.37,16.69,Loamy,Rice,46.15,46.97,20.5,Urea
28.26,79.96,42.77,Loamy,Wheat,41.67,34.48,36.56,DAP
35.49,56.52,25.11,Red,Wheat,4.44,30.79,21.13,28-28
20.33,67.71,40.09,Black,Rice,94.33,45.99,59.25,Urea
31.21,66.61,54.35,Black,Cotton,76.13,37.54,57.96,DAP
27.4,59.75,49.59,Loamy,Rice,38.93,42.62,48.93,Urea
26.06,50.0,59.63,Clayey,Maize,63.04,47.95,28.18,28-28
27.01,51.39,23.42,Sandy,Rice,15.49,16.74,29.16,Urea
30.03,58.24,38.34,Loamy,Wheat,64.02,43.47,54.05,DAP
34.63,76.97,43.52,Clayey,Ground Nuts,57.16,29.95,49.16,14-35-14
27.63,63.99,48.79,Black,Pulses,95.35,62.98,58.43,17-17-17
18.46,26.13,36.68,Black,Ground Nuts,89.4,57.62,38.21,17-17-17
19.35,91.07,42.26,Black,Maize,58.37,36.57,39.85,17-17-17
32.07,64.18,29.22,Sandy,Wheat,18.84,17.38,12.93,Urea
31.0,100.0,54.59,Loamy,Wheat,53.5,44.33,34.6,DAP
25.83,62.07,39.9,Sandy,Tobacco,25.19,11.51,19.54,10-26-26
36.65,68.1,38.55,Sandy,Sugarcane,10.58,16.44,24.37,10-26-26
33.29,64.77,44.41,Clayey,Tobacco,68.06,51.8,50.99,14-35-14
30.15,72.7,47.2,Red,Watermelon,24.19,18.72,17.94,20-20
21.37,67.9,44.31,Red,Wheat,29.45,26.04,17.85,28-28
30.39,29.97,37.81,Red,Paddy,29.84,20.39,22.26,DAP
27.89,48.03,65.19,Sandy,Ground Nuts,20.09,5.44,7.42,10-26-26
32.17,61.47,73.47,Sandy,Tobacco,17.53,8.27,21.19,10-26-26
27.71,51.91,33.6,Red,Sugarcane,42.77,23.62,17.28,20-20
28.28,40.13,30.12,Red,Rice,26.13,21.14,4.83,DAP
27.69,77.11,50.61,Loamy,Cotton,55.24,39.39,45.98,14-35-14
21.73,71.44,66.29,Red,Oil seeds,10.35,19.21,26.9,DAP
22.8,40.59,24.66,Loamy,Wheat,51.54,38.87,36.08,DAP
22.42,67.1,45.58,Red,Cotton,36.42,17.17,11.6,28-28
24.3,62.12,8.65,Clayey,Millets,68.17,53.36,50.95,17-17-17
32.54,47.0,10.79,Black,Watermelon,66.13,47.05,37.87,DAP
38.8,37.21,39.73,Red,Barley,18.02,28.36,33.2,20-20
29.1,46.53,60.67,Clayey,Maize,72.58,29.65,44.91,28-28
33.6,81.88,36.3,Red,Wheat,35.44,19.59,23.53,28-28
28.85,57.59,27.17,Sandy,Cotton,12.92,1.89,10.36,14-35-14
38.95,45.1,53.29,Sandy,Oil seeds,18.91,6.65,18.14,20-20
24.69,70.2,53.89,Black,Pulses,75.06,36.89,53.08,17-17-17
29.32,56.35,50.36,Loamy,Maize,54.96,27.93,42.23,20-20
27.63,60.43,40.43,Clayey,Oil seeds,65.43,41.6,44.73,14-35-14
30.04,50.45,40.93,Sandy,Watermelon,15.51,1.37,8.74,17-17-17
31.95,62.73,64.79,Loamy,Millets,68.74,44.75,39.64,DAP
29.85,58.52,34.54,Loamy,Wheat,26.47,38.95,31.97,DAP
27.83,56.13,64.12,Sandy,Millets,17.24,12.85,28.98,Urea
33.49,52.76,48.6,Sandy,Tobacco,27.59,12.67,10.5,10-26-26
24.65,64.09,61.58,Loamy,Cotton,61.44,47.5,55.55,14-35-14
30.61,66.08,62.17,Red,Paddy,31.36,10.09,12.78,DAP
25.86,66.9,47.77,Red,Barley,6.02,28.68,15.46,20-20
32.88,68.77,45.85,Loamy,Sugarcane,41.68,39.92,23.19,17-17-17
30.24,65.37,49.88,Loamy,Pulses,53.12,52.36,61.32,20-20
31.34,33.08,28.18,Sandy,Ground Nuts,25.35,13.57,8.22,10-26-26
31.53,67.16,48.66,Loamy,Ground Nuts,56.52,30.41,52.19,20-20
34.55,50.93,44.27,Black,Wheat,62.16,50.63,62.13,17-17-17
30.1,60.31,46.6,Sandy,Barley,27.19,17.91,20.8,Urea
28.85,72.02,46.98,Red,Pulses,40.03,29.33,40.36,10-26-26
20.2,58.8,37.66,Red,Cotton,36.91,34.48,17.56,28-28
23.97,75.15,44.33,Clayey,Ground Nuts,58.69,36.24,56.28,14-35-14
19.39,65.05,37.25,Clayey,Tobacco,60.97,34.45,39.93,14-35-14
21.14,32.55,48.64,Sandy,Millets,31.47,18.67,16.75,Urea
25.42,23.69,22.57,Red,Rice,16.62,24.01,29.98,DAP
33.16,37.21,37.74,Sandy,Tobacco,9.91,22.61,20.51,10-26-26
31.02,60.74,48.13,Black,Maize,54.78,45.84,67.87,17-17-17
34.88,63.09,39.76,Black,Cotton,68.71,60.88,55.09,DAP
25.14,40.26,29.5,Clayey,Oil seeds,55.15,49.8,57.27,14-35-14
32.82,79.5,59.4,Sandy,Cotton,16.56,9.86,7.19,14-35-14
32.02,61.1,83.21,Red,Oil seeds,18.25,16.28,16.98,DAP
27.06,52.01,28.84,Sandy,Oil seeds,23.74,6.42,4.75,20-20
27.81,47.87,50.54,Clayey,Barley,87.15,59.17,29.47,28-28
25.75,71.46,39.14,Loamy,Maize,50.66,6.24,41.79,20-20
19.97,50.7,30.8,Loamy,Millets,47.87,24.76,40.75,DAP
21.56,66.84,18.86,Red,Pulses,29.18,14.98,30.15,10-26-26
27.26,33.68,60.15,Black,Wheat,60.02,55.63,52.04,17-17-17
28.44,79.89,62.17,Sandy,Millets,17.51,15.15,20.86,Urea
36.17,59.16,48.8,Sandy,Cotton,17.34,20.11,16.91,14-35-14
29.83,50.8,59.44,Black,Pulses,53.85,36.91,47.89,17-17-17
23.23,52.99,33.37,Sandy,Barley,17.22,4.07,17.63,Urea
29.18,85.07,39.31,Clayey,Cotton,58.23,41.3,46.45,17-17-17
21.07,65.05,37.77,Loamy,Maize,74.23,35.46,59.27,20-20
36.56,60.69,41.36,Clayey,Rice,78.96,33.91,31.39,Urea
35.1,60.44,78.61,Sandy,Barley,0.06,13.02,20.24,Urea
28.21,42.06,44.69,Red,Ground Nuts,35.02,12.09,39.57,DAP
27.94,91.02,47.94,Sandy,Pulses,12.64,2.65,10.22,DAP
35.25,84.54,49.94,Red,Ground Nuts,27.47,10.34,15.5,DAP
20.08,91.36,57.33,Red,Watermelon,13.46,19.08,11.72,20-20
28.23,79.59,34.16,Red,Millets,25.1,9.09,15.43,28-28
30.19,40.86,72.89,Red,Oil seeds,29.32,7.74,7.05,DAP
30.99,98.39,50.91,Red,Millets,22.97,14.96,2.88,28-28
30.32,47.71,33.97,Clayey,Millets,69.35,61.28,34.6,17-17-17
27.02,71.15,52.38,Red,Millets,33.26,21.59,15.4,28-28
27.78,64.62,51.57,Clayey,Cotton,62.86,50.94,43.91,17-17-17
24.2,70.71,35.77,Black,Oil seeds,56.59,52.33,35.42,17-17-17
25.63,60.33,14.34,Sandy,Pulses,7.89,18.42,7.17,DAP
30.62,72.28,39.3,Clayey,Maize,55.1,40.46,43.99,28-28
15.21,51.99,50.2,Sandy,Sugarcane,9.54,14.2,10.72,10-26-26
21.16,78.86,60.61,Sandy,Maize,16.29,12.04,8.64,DAP
31.08,86.83,17.35,Clayey,Wheat,61.5,46.88,51.71,14-35-14
31.81,72.88,57.53,Clayey,Paddy,62.43,33.52,24.07,Urea
24.13,60.37,52.47,Sandy,Paddy,21.79,12.49,15.08,Urea
18.01,52.65,60.56,Sandy,Sugarcane,8.24,17.09,25.54,10-26-26
26.75,63.85,49.41,Sandy,Tobacco,19.19,2.5,4.5,10-26-26
25.15,31.23,12.27,Loamy,Millets,66.11,57.47,39.18,DAP
23.05,51.39,17.45,Sandy,Wheat,10.13,13.7,16.51,Urea
33.88,82.57,46.81,Black,Tobacco,80.91,59.42,34.39,17-17-17
22.26,75.51,65.45,Sandy,Sugarcane,18.2,15.35,15.99,10-26-26
27.11,57.62,48.26,Loamy,Pulses,40.14,26.25,49.61,20-20
27.05,38.07,68.23,Loamy,Pulses,76.75,45.84,43.78,20-20
28.54,56.13,20.49,Red,Paddy,24.9,30.18,26.07,DAP
26.96,58.66,80.23,Black,Watermelon,69.26,42.18,34.15,DAP
38.4,30.94,68.28,Black,Millets,70.9,44.16,34.89,20-20
31.83,68.02,46.04,Clayey,Oil seeds,64.12,47.01,37.0,14-35-14
37.05,83.89,66.34,Loamy,Millets,36.93,52.84,52.17,DAP
23.4,54.02,44.09,Clayey,Wheat,74.95,78.72,48.38,14-35-14
26.29,58.22,25.22,Loamy,Wheat,61.11,55.82,32.39,DAP
31.74,66.28,15.93,Loamy,Millets,43.38,55.68,34.88,DAP
37.45,53.84,47.18,Loamy,Ground Nuts,31.14,31.91,20.97,20-20
32.95,62.36,54.15,Red,Millets,19.64,27.49,12.99,28-28
27.57,42.57,69.22,Clayey,Cotton,75.77,40.79,32.56,17-17-17
28.59,44.94,37.01,Clayey,Sugarcane,75.93,52.65,37.32,14-35-14
32.42,73.88,68.41,Sandy,Watermelon,11.13,6.17,18.13,17-17-17
20.09,64.96,37.05,Clayey,Pulses,67.76,56.65,38.98,14-35-14
32.48,30.13,22.51,Sandy,Watermelon,32.99,12.49,25.39,17-17-17
21.75,74.24,42.31,Black,Tobacco,80.2,59.74,56.21,17-17-17
32.58,58.99,40.38,Black,Sugarcane,59.46,67.51,62.03,Urea
32.92,82.51,40.37,Sandy,Maize,13.12,9.34,18.69,DAP
18.19,44.78,35.12,Sandy,Ground Nuts,23.32,2.32,11.83,10-26-26
29.55,59.15,63.28,Clayey,Pulses,40.33,43.14,33.83,14-35-14
23.51,31.74,72.04,Loamy,Maize,59.53,26.26,53.74,20-20
38.71,85.91,51.54,Clayey,Sugarcane,65.23,44.76,39.26,14-35-14
28.07,38.44,64.92,Black,Pulses,58.03,37.78,53.58,17-17-17
23.38,59.31,35.68,Loamy,Watermelon,68.57,40.48,18.64,14-35-14
21.38,87.11,69.62,Sandy,Cotton,13.4,1.95,12.04,14-35-14
27.61,86.67,8.38,Black,Pulses,77.23,55.96,50.08,17-17-17
22.58,69.98,51.96,Black,Rice,66.17,46.96,63.25,Urea
27.43,70.91,50.77,Black,Ground Nuts,74.53,46.03,51.48,17-17-17
22.47,57.31,30.31,Clayey,Tobacco,49.41,34.27,45.25,14-35-14
26.86,60.54,37.38,Black,Tobacco,87.72,40.88,41.45,17-17-17
29.04,99.23,43.43,Clayey,Pulses,47.35,54.26,54.6,14-35-14
29.31,49.43,40.15,Loamy,Pulses,61.27,46.62,30.49,20-20
16.19,70.36,55.72,Clayey,Oil seeds,65.37,26.97,49.94,14-35-14
31.35,52.01,38.13,Sandy,Maize,21.22,13.22,25.11,DAP
25.61,70.56,41.48,Clayey,Barley,58.35,39.49,46.12,28-28
30.01,86.84,52.08,Red,Rice,26.46,20.93,14.59,DAP
29.07,73.08,28.9,Sandy,Millets,7.57,6.07,9.48,Urea
24.43,38.56,38.24,Red,Millets,19.97,26.29,24.69,28-28
26.57,76.51,74.38,Clayey,Oil seeds,80.74,19.7,35.81,14-35-14
38.28,68.54,78.52,Black,Maize,76.49,60.03,58.85,17-17-17
31.8,45.96,48.57,Red,Sugarcane,19.54,31.06,23.04,20-20
29.15,67.28,28.63,Red,Maize,33.84,5.61,14.27,DAP
25.9,57.41,37.97,Sandy,Oil seeds,24.92,3.99,21.34,20-20
35.34,66.89,40.12,Black,Tobacco,45.29,58.3,53.97,17-17-17
24.58,66.86,76.47,Black,Paddy,70.35,37.67,56.98,Urea
37.41,58.58,21.27,Sandy,Rice,14.51,12.99,11.19,Urea
21.91,66.93,55.82,Sandy,Sugarcane,12.85,19.55,24.48,10-26-26
34.22,26.74,50.29,Black,Cotton,80.87,42.19,58.34,DAP
37.08,99.19,38.04,Clayey,Cotton,55.5,45.37,49.94,17-17-17
37.11,76.3,52.85,Clayey,Wheat,62.78,49.55,56.12,14-35-14
40.0,54.17,80.27,Loamy,Paddy,53.1,29.7,33.83,Urea
20.25,32.62,38.92,Red,Wheat,25.1,16.41,32.55,28-28
32.7,55.81,24.56,Red,Watermelon,21.63,18.68,24.84,20-20
29.33,53.45,44.01,Loamy,Oil seeds,65.59,35.3,35.48,10-26-26
31.93,62.15,40.18,Clayey,Barley,76.64,34.71,48.3,28-28
18.9,60.71,18.3,Black,Cotton,61.94,40.37,70.55,DAP
30.7,51.87,54.64,Black,Paddy,71.69,51.77,42.49,Urea
24.67,76.63,66.11,Sandy,Barley,28.93,18.2,14.63,Urea
24.89,60.05,52.95,Black,Cotton,72.53,51.48,56.5,DAP
23.91,65.87,53.73,Loamy,Rice,55.99,24.21,36.31,Urea
30.73,79.76,30.91,Black,Tobacco,35.7,52.09,59.43,17-17-17
28.18,62.09,46.53,Loamy,Paddy,46.43,38.4,50.35,Urea
25.67,60.88,80.22,Loamy,Cotton,73.52,38.72,53.23,14-35-14
27.32,62.05,67.1,Red,Millets,25.69,11.55,13.11,28-28
25.53,64.01,33.69,Black,Watermelon,71.13,35.86,51.69,DAP
17.49,53.56,64.04,Sandy,Maize,26.16,13.08,17.59,DAP
25.63,65.08,15.86,Sandy,Cotton,34.18,10.45,17.28,14-35-14
28.14,46.8,32.99,Clayey,Watermelon,67.46,52.84,52.67,10-26-26
36.6,42.32,53.86,Red,Pulses,43.6,18.19,10.42,10-26-26
23.91,49.25,26.16,Sandy,Maize,22.16,17.58,10.87,DAP
15.94,67.03,64.75,Clayey,Paddy,57.77,31.26,47.42,Urea
32.12,79.84,62.46,Red,Ground Nuts,38.63,32.93,19.13,DAP
20.65,65.73,61.61,Loamy,Barley,55.45,41.87,30.96,DAP
22.43,71.73,34.44,Sandy,Ground Nuts,27.06,6.69,16.76,10-26-26
26.19,70.99,53.93,Clayey,Ground Nuts,63.57,32.06,31.36,14-35-14
24.57,69.78,43.72,Sandy,Oil seeds,25.27,13.73,21.51,20-20
31.66,59.96,38.11,Sandy,Wheat,21.0,16.21,14.89,Urea
35.59,37.1,22.75,Clayey,Cotton,60.39,37.87,43.12,17-17-17
17.13,50.6,55.96,Loamy,Tobacco,69.12,48.25,18.78,20-20
26.26,61.81,43.6,Black,Tobacco,75.63,53.5,56.17,17-17-17
30.74,58.76,19.42,Red,Pulses,20.73,7.88,15.73,10-26-26
26.74,68.88,43.99,Clayey,Oil seeds,45.09,59.23,40.86,14-35-14
27.11,78.39,52.69,Sandy,Tobacco,21.82,13.88,22.49,10-26-26
28.01,65.93,30.64,Clayey,Millets,64.21,53.81,39.22,17-17-17
26.54,76.83,39.33,Sandy,Pulses,12.05,7.24,10.65,DAP
29.86,56.22,54.54,Sandy,Pulses,13.32,3.09,16.0,DAP
33.26,44.78,33.58,Clayey,Maize,42.98,38.87,40.37,28-28
27.98,37.82,53.44,Red,Rice,41.75,23.51,17.33,DAP
30.38,62.85,46.15,Black,Cotton,72.87,59.4,65.33,DAP
21.36,57.68,53.7,Clayey,Maize,72.35,44.73,58.92,28-28
31.41,66.13,40.38,Clayey,Ground Nuts,54.69,33.98,49.84,14-35-14
20.95,48.13,53.52,Loamy,Cotton,60.33,32.5,34.37,14-35-14
31.96,69.36,54.43,Clayey,Cotton,49.94,56.58,32.86,17-17-17
32.44,64.81,53.07,Clayey,Cotton,50.0,44.85,41.09,17-17-17
23.64,86.76,65.56,Sandy,Barley,22.77,16.9,5.01,Urea
29.34,57.37,44.0,Clayey,Oil seeds,60.48,63.48,54.68,14-35-14
20.44,48.17,35.28,Black,Maize,100.24,50.76,30.91,17-17-17
32.07,46.4,48.44,Clayey,Wheat,57.23,53.67,40.24,14-35-14
29.22,57.49,61.7,Loamy,Cotton,69.89,25.37,48.46,14-35-14
31.73,57.23,27.63,Clayey,Millets,61.07,54.19,39.57,17-17-17
33.05,57.32,60.32,Loamy,Rice,54.03,41.63,26.6,Urea
26.11,50.78,35.97,Sandy,Wheat,17.56,17.84,13.43,Urea
30.75,70.65,63.93,Black,Wheat,79.41,66.56,73.71,17-17-17
30.54,68.97,64.5,Red,Ground Nuts,28.66,9.63,11.94,DAP
18.67,58.76,43.17,Black,Sugarcane,56.3,42.83,48.06,Urea
21.64,56.58,68.66,Black,Millets,55.34,57.63,55.76,20-20
25.95,77.71,21.48,Sandy,Rice,23.67,3.42,22.44,Urea
27.0,89.76,70.83,Sandy,Sugarcane,20.06,16.16,32.16,10-26-26
28.73,53.29,46.26,Black,Pulses,50.55,41.15,46.84,17-17-17
33.15,63.95,41.64,Sandy,Ground Nuts,25.53,14.12,15.18,10-26-26
28.51,50.06,37.56,Clayey,Paddy,57.95,45.27,40.3,Urea
21.7,37.54,44.34,Red,Millets,46.97,16.7,13.24,28-28
17.66,56.06,61.47,Red,Cotton,40.96,16.24,7.32,28-28
34.24,77.32,41.29,Loamy,Barley,57.68,51.32,38.81,DAP
26.66,66.4,41.63,Sandy,Ground Nuts,3.77,8.48,19.68,10-26-26
27.34,42.93,27.93,Black,Millets,90.81,43.06,55.18,20-20
25.92,49.25,56.35,Clayey,Watermelon,63.44,45.28,42.15,10-26-26
29.55,71.76,36.29,Loamy,Maize,34.37,33.83,64.76,20-20
25.29,58.69,36.25,Sandy,Maize,32.93,10.41,11.04,DAP
21.52,77.24,40.49,Clayey,Watermelon,57.16,50.0,49.01,10-26-26
32.44,75.66,43.03,Loamy,Oil seeds,63.24,41.0,45.26,10-26-26
29.66,52.63,76.81,Clayey,Millets,67.94,32.36,44.27,17-17-17
26.95,50.93,35.2,Black,Barley,84.19,59.29,45.97,17-17-17
24.89,81.41,53.67,Red,Wheat,19.54,12.64,26.25,28-28
31.48,63.3,59.21,Clayey,Wheat,47.74,49.82,36.8,14-35-14
31.07,56.39,27.73,Black,Rice,65.6,44.37,38.31,Urea
29.05,49.06,18.35,Clayey,Sugarcane,59.05,32.5,33.88,14-35-14
32.46,51.55,83.09,Sandy,Wheat,0.0,9.41,13.39,Urea
26.02,33.57,59.9,Black,Cotton,93.73,50.02,55.07,DAP
25.34,57.18,66.88,Black,Sugarcane,47.12,56.85,59.01,Urea
29.93,61.19,55.54,Loamy,Watermelon,57.0,39.94,45.17,14-35-14
30.65,50.85,53.89,Black,Paddy,66.68,57.72,49.29,Urea
18.24,46.7,51.36,Black,Barley,68.19,44.09,59.96,17-17-17
30.77,36.83,46.98,Black,Millets,83.24,64.0,69.35,20-20
26.25,66.35,46.76,Black,Ground Nuts,77.75,62.82,75.19,17-17-17
29.14,78.05,62.86,Loamy,Cotton,46.73,48.63,33.12,14-35-14
24.47,63.36,51.49,Loamy,Maize,44.14,35.72,33.18,20-20
19.5,56.69,28.81,Red,Cotton,42.5,26.4,23.37,28-28
20.77,62.7,66.0,Loamy,Pulses,60.63,35.64,51.03,20-20
26.52,63.24,39.55,Clayey,Ground Nuts,81.45,34.14,36.16,14-35-14
38.39,49.02,66.27,Sandy,Oil seeds,14.54,3.71,9.71,20-20
33.08,84.2,59.99,Sandy,Maize,22.96,12.02,16.32,DAP
24.87,58.04,38.63,Red,Maize,28.39,16.78,35.06,DAP
27.24,72.14,63.48,Black,Paddy,55.73,51.76,54.42,Urea
18.02,58.74,37.06,Black,Millets,87.54,49.96,68.86,20-20
28.86,55.76,61.58,Black,Watermelon,56.86,57.69,37.96,DAP
41.15,73.69,21.03,Clayey,Paddy,67.12,37.78,46.2,Urea
28.86,72.03,49.95,Sandy,Pulses,26.38,9.74,22.12,DAP
23.76,77.74,57.05,Red,Barley,35.19,24.74,25.23,20-20
37.81,46.67,45.8,Clayey,Rice,45.99,59.68,42.6,Urea
27.81,57.41,58.25,Sandy,Maize,33.47,17.39,12.25,DAP
22.91,78.26,71.41,Loamy,Millets,62.37,36.85,47.18,DAP
33.68,57.26,67.65,Sandy,Sugarcane,15.99,15.38,5.73,10-26-26
33.83,54.78,37.32,Red,Pulses,37.65,18.81,18.44,10-26-26
29.0,70.91,42.79,Loamy,Oil seeds,59.75,47.03,41.97,10-26-26
23.72,54.86,90.0,Loamy,Sugarcane,61.53,43.7,37.08,17-17-17
33.74,53.06,45.34,Black,Paddy,71.14,43.66,57.88,Urea
22.25,63.06,40.16,Loamy,Maize,60.12,58.54,52.62,20-20
20.53,84.82,67.53,Sandy,Barley,21.52,2.33,11.47,Urea
38.03,64.39,45.28,Black,Barley,69.76,39.6,72.45,17-17-17
29.23,73.84,49.59,Clayey,Sugarcane,68.48,55.68,54.37,14-35-14
22.96,39.48,44.37,Sandy,Pulses,36.02,6.24,19.99,DAP
33.15,65.19,48.32,Clayey,Paddy,51.91,62.35,42.25,Urea
30.94,79.48,28.69,Loamy,Paddy,72.77,48.33,47.59,Urea
29.93,74.26,31.11,Red,Tobacco,26.87,23.01,15.82,10-26-26
17.47,65.64,49.67,Clayey,Rice,63.85,52.17,57.82,Urea
38.49,52.12,45.49,Sandy,Millets,22.21,9.02,22.17,Urea
28.9,62.12,48.96,Black,Rice,59.14,58.82,58.83,Urea
36.0,44.04,39.47,Black,Rice,73.52,41.1,45.52,Urea
26.21,57.0,56.14,Sandy,Sugarcane,28.01,3.31,15.0,10-26-26
22.25,71.39,44.98,Loamy,Rice,46.75,52.51,34.69,Urea
21.43,55.43,50.05,Loamy,Oil seeds,70.96,21.01,36.03,10-26-26
29.62,62.61,67.41,Sandy,Sugarcane,30.02,12.47,12.54,10-26-26
33.94,67.09,53.95,Red,Millets,15.52,25.98,26.11,28-28
37.96,59.4,43.7,Red,Rice,38.02,23.68,10.44,DAP
33.68,67.52,60.91,Red,Maize,32.27,23.57,17.83,DAP
22.94,86.26,26.49,Red,Rice,26.1,30.52,19.59,DAP
22.53,60.1,29.51,Loamy,Oil seeds,60.92,38.67,44.02,10-26-26
25.57,66.42,40.82,Clayey,Ground Nuts,56.82,30.99,42.34,14-35-14
27.75,56.42,31.39,Sandy,Oil seeds,20.39,13.35,10.01,20-20
32.77,48.69,44.18,Sandy,Oil seeds,24.76,8.35,22.86,20-20
27.71,86.18,59.7,Clayey,Tobacco,55.24,52.43,58.58,14-35-14
30.12,43.82,34.39,Sandy,Cotton,33.77,18.87,11.61,14-35-14
24.52,51.97,56.32,Red,Millets,37.38,21.35,2.34,28-28
23.49,86.52,59.41,Red,Sugarcane,22.89,14.12,25.47,20-20
26.15,16.4,39.38,Loamy,Cotton,53.67,48.42,31.03,14-35-14
33.31,64.63,64.21,Red,Tobacco,41.17,24.28,22.45,10-26-26
24.91,57.05,47.52,Clayey,Tobacco,53.48,43.62,52.8,14-35-14
26.73,77.97,58.14,Red,Sugarcane,18.28,29.15,25.51,20-20
28.36,74.0,54.7,Sandy,Tobacco,26.11,11.97,22.35,10-26-26
28.87,67.74,37.12,Red,Sugarcane,28.53,26.6,13.13,20-20
26.23,65.08,40.57,Red,Wheat,35.8,21.56,22.61,28-28
28.33,55.86,73.71,Sandy,Barley,25.4,15.24,17.6,Urea
28.72,82.43,43.17,Clayey,Sugarcane,67.01,58.34,35.7,14-35-14
20.04,66.44,50.73,Red,Watermelon,8.07,17.01,15.37,20-20
27.5,67.91,18.41,Loamy,Paddy,54.04,50.12,28.96,Urea
26.41,56.5,32.8,Loamy,Ground Nuts,51.5,31.18,31.38,20-20
21.8,59.43,20.45,Sandy,Ground Nuts,5.63,14.78,18.18,10-26-26
27.1,48.73,36.41,Black,Rice,67.42,66.65,54.23,Urea
28.95,58.03,39.85,Clayey,Wheat,52.98,30.24,60.03,14-35-14
35.68,54.4,60.73,Sandy,Oil seeds,7.98,3.45,17.81,20-20
25.51,65.39,48.07,Clayey,Barley,55.41,38.43,69.19,28-28
38.25,53.08,50.77,Loamy,Oil seeds,54.1,43.88,45.15,10-26-26
28.88,65.09,21.72,Loamy,Millets,32.61,69.2,44.88,DAP
28.39,46.85,63.05,Sandy,Paddy,24.25,14.61,18.13,Urea
26.73,46.89,47.33,Black,Oil seeds,55.0,42.17,50.14,17-17-17
21.82,55.88,27.16,Loamy,Watermelon,60.35,32.4,41.82,14-35-14
30.46,61.31,56.9,Clayey,Barley,65.05,43.41,42.01,28-28
30.87,80.97,62.87,Black,Sugarcane,66.46,53.13,45.37,Urea
26.14,40.87,38.95,Sandy,Maize,11.88,20.35,5.16,DAP
26.79,58.0,29.19,Sandy,Oil seeds,19.53,10.66,10.35,20-20
29.42,83.67,75.3,Clayey,Pulses,72.18,48.14,47.02,14-35-14
25.74,46.85,54.18,Black,Watermelon,77.18,34.48,37.43,DAP
23.82,54.49,55.72,Sandy,Paddy,15.88,11.52,11.41,Urea
37.35,39.43,35.22,Black,Oil seeds,55.21,28.73,53.64,17-17-17
23.24,43.98,48.17,Black,Watermelon,73.77,56.31,41.09,DAP
22.85,62.47,66.7,Clayey,Maize,37.17,47.17,57.11,28-28
29.91,47.78,35.37,Black,Wheat,81.1,38.58,40.86,17-17-17
27.25,77.88,43.74,Black,Sugarcane,69.22,50.73,50.73,Urea
29.42,35.47,53.19,Loamy,Sugarcane,59.42,31.67,48.65,17-17-17
35.07,59.56,47.09,Sandy,Oil seeds,16.84,19.12,16.85,20-20
32.41,48.58,40.41,Black,Cotton,55.32,65.51,64.25,DAP
26.74,43.1,30.97,Clayey,Sugarcane,77.46,55.44,51.51,14-35-14
26.59,85.01,77.93,Clayey,Ground Nuts,55.59,38.9,32.77,14-35-14
36.38,57.58,36.05,Black,Wheat,55.84,35.38,55.63,17-17-17
28.46,41.63,28.05,Clayey,Tobacco,49.17,43.97,47.55,14-35-14
20.12,33.69,48.47,Clayey,Wheat,64.31,36.25,52.7,14-35-14
32.21,44.23,7.02,Red,Paddy,31.65,16.13,8.94,DAP
34.37,68.63,26.54,Loamy,Rice,57.08,33.55,49.18,Urea
27.59,86.17,57.9,Clayey,Paddy,40.37,55.48,49.61,Urea
31.76,56.93,42.55,Clayey,Wheat,70.86,40.85,33.72,14-35-14
29.32,43.7,44.53,Red,Maize,34.99,24.72,25.08,DAP
26.84,66.77,29.26,Sandy,Wheat,2.79,12.21,25.61,Urea
27.74,35.52,61.37,Clayey,Oil seeds,49.58,31.44,49.48,14-35-14
24.87,76.93,51.62,Loamy,Barley,54.01,32.35,39.99,DAP
30.89,48.78,59.84,Clayey,Pulses,57.5,41.04,48.99,14-35-14
37.36,65.57,57.67,Black,Wheat,70.54,40.87,60.73,17-17-17
22.97,49.15,50.5,Black,Cotton,69.97,37.41,39.33,DAP
30.16,75.73,33.12,Loamy,Maize,70.02,57.33,26.44,20-20
21.08,68.78,53.15,Loamy,Maize,60.87,42.73,27.65,20-20
31.94,32.15,63.03,Clayey,Wheat,74.05,38.46,55.5,14-35-14
24.24,50.96,43.85,Red,Oil seeds,43.76,15.55,21.76,DAP
23.82,58.34,42.99,Clayey,Oil seeds,53.04,63.24,28.79,14-35-14
29.35,63.65,65.8,Sandy,Paddy,34.55,10.81,15.24,Urea
29.53,74.47,8.26,Red,Wheat,31.44,29.0,12.61,28-28
28.86,55.74,27.07,Black,Cotton,68.25,34.13,45.49,DAP
20.75,63.93,57.32,Black,Sugarcane,100.13,53.7,49.13,Urea
28.81,69.66,46.23,Clayey,Oil seeds,66.46,57.52,34.01,14-35-14
27.21,63.63,49.1,Loamy,Millets,43.71,55.62,34.93,DAP
23.76,45.37,37.99,Clayey,Wheat,46.32,33.6,27.54,14-35-14
30.38,33.36,49.0,Clayey,Oil seeds,59.73,29.95,55.34,14-35-14
37.08,58.34,59.64,Sandy,Paddy,16.54,18.0,26.16,Urea
26.29,80.46,51.04,Red,Watermelon,18.46,24.39,26.9,20-20
28.22,67.79,41.03,Loamy,Rice,69.28,38.93,55.91,Urea
25.91,33.43,34.45,Black,Tobacco,63.7,34.94,57.61,17-17-17
25.14,54.72,38.61,Loamy,Cotton,66.51,53.37,30.02,14-35-14
25.24,21.05,47.99,Sandy,Barley,22.24,16.01,6.26,Urea
30.91,61.63,35.8,Sandy,Oil seeds,20.38,16.04,16.8,20-20
26.88,30.22,43.04,Clayey,Paddy,70.31,40.47,51.49,Urea
29.27,66.14,30.29,Loamy,Tobacco,41.3,24.91,55.66,20-20
32.22,73.19,51.97,Loamy,Watermelon,59.66,57.05,57.46,14-35-14
31.37,46.68,34.95,Sandy,Tobacco,30.78,6.04,15.31,10-26-26
34.13,47.37,60.8,Red,Rice,46.94,18.62,24.4,DAP
26.98,59.45,54.89,Loamy,Watermelon,47.46,29.64,37.22,14-35-14
23.48,66.03,59.84,Sandy,Rice,13.59,6.82,19.32,Urea
36.22,50.76,50.9,Black,Cotton,98.89,42.86,39.18,DAP
39.09,36.53,41.74,Loamy,Pulses,57.63,44.25,52.89,20-20
33.9,72.65,44.9,Red,Paddy,33.46,10.35,13.16,DAP
33.0,65.25,53.69,Black,Cotton,45.89,55.87,70.6,DAP
23.08,80.52,32.59,Clayey,Ground Nuts,58.52,40.39,26.68,14-35-14
27.36,50.06,59.88,Sandy,Cotton,15.96,16.19,16.07,14-35-14
24.46,75.55,29.54,Black,Oil seeds,75.79,57.44,51.37,17-17-17
29.74,59.19,44.72,Clayey,Watermelon,58.14,41.33,57.59,10-26-26
27.62,61.24,38.63,Clayey,Rice,53.92,50.26,54.35,Urea
28.25,67.19,55.93,Sandy,Cotton,23.14,4.09,17.72,14-35-14
32.96,56.25,39.47,Black,Paddy,78.75,47.85,36.99,Urea
27.38,63.01,32.52,Black,Tobacco,84.44,48.47,54.05,17-17-17
33.41,36.79,57.49,Loamy,Tobacco,45.02,43.42,15.76,20-20
32.01,68.6,37.47,Loamy,Wheat,50.89,33.95,32.88,DAP
22.42,33.3,56.93,Clayey,Maize,73.04,45.62,63.12,28-28
35.35,79.16,12.1,Clayey,Tobacco,50.54,59.76,43.66,14-35-14
34.05,60.02,46.2,Loamy,Ground Nuts,58.74,43.89,30.26,20-20
23.94,54.82,63.75,Black,Rice,83.87,40.16,52.12,Urea
15.85,54.51,43.93,Clayey,Sugarcane,69.5,33.03,47.74,14-35-14
27.57,83.52,64.36,Red,Millets,46.77,20.13,16.06,28-28
33.52,70.03,38.07,Loamy,Ground Nuts,50.04,42.45,35.39,20-20
25.84,62.85,85.6,Loamy,Maize,50.54,40.67,44.79,20-20
22.23,64.02,32.65,Clayey,Paddy,66.45,40.03,54.28,Urea
26.34,68.39,47.87,Loamy,Ground Nuts,60.32,52.79,24.84,20-20
35.73,35.99,16.38,Sandy,Sugarcane,19.62,20.46,16.26,10-26-26
29.62,58.38,47.24,Loamy,Sugarcane,77.2,52.45,61.14,17-17-17
28.14,64.78,81.92,Sandy,Millets,18.21,3.15,13.87,Urea
28.34,40.61,48.67,Red,Wheat,33.1,41.45,25.43,28-28
34.71,44.99,51.71,Sandy,Pulses,26.47,10.66,17.66,DAP
30.84,77.78,35.26,Loamy,Millets,80.5,14.33,44.3,DAP
28.25,78.15,71.36,Loamy,Ground Nuts,42.91,43.92,60.27,20-20
21.33,50.5,48.99,Red,Wheat,18.26,7.35,27.04,28-28
35.12,45.3,43.09,Sandy,Paddy,20.74,12.57,22.38,Urea
28.91,64.27,70.56,Sandy,Paddy,8.97,9.18,3.35,Urea
24.32,50.62,41.14,Clayey,Maize,36.3,44.9,39.1,28-28
28.86,37.01,32.14,Loamy,Maize,42.61,46.21,27.57,20-20
25.79,78.16,23.61,Sandy,Watermelon,19.43,7.91,26.71,17-17-17
24.78,69.51,62.86,Loamy,Tobacco,58.09,27.62,14.94,20-20
25.91,55.57,33.54,Sandy,Ground Nuts,21.29,13.35,24.82,10-26-26
26.12,75.09,30.98,Red,Tobacco,25.64,14.73,15.58,10-26-26
25.85,99.37,43.37,Red,Ground Nuts,40.85,20.85,19.11,DAP
32.75,60.25,57.03,Loamy,Millets,47.14,52.16,47.6,DAP
24.95,31.64,19.1,Black,Watermelon,58.37,39.6,36.99,DAP
33.56,47.89,42.76,Loamy,Tobacco,56.81,22.61,47.65,20-20
23.09,70.33,23.66,Red,Maize,23.2,20.11,30.21,DAP
22.95,66.18,42.32,Sandy,Cotton,29.65,7.78,6.2,14-35-14
35.02,52.69,53.0,Black,Pulses,84.2,40.15,66.74,17-17-17
28.39,55.93,37.84,Red,Maize,23.56,23.7,23.75,DAP
29.68,50.92,51.98,Loamy,Tobacco,74.69,44.68,35.99,20-20
25.51,68.99,32.54,Sandy,Rice,10.13,8.49,30.14,Urea
23.37,69.63,63.37,Sandy,Paddy,9.98,13.41,11.99,Urea
37.91,74.31,77.58,Sandy,Wheat,18.39,17.15,12.57,Urea
31.68,44.53,44.62,Loamy,Oil seeds,47.52,61.05,45.58,10-26-26
25.39,42.91,42.07,Clayey,Paddy,58.84,49.99,39.62,Urea
39.27,97.16,49.91,Black,Ground Nuts,63.73,48.68,38.82,17-17-17
37.95,45.47,22.5,Black,Tobacco,92.14,56.36,55.76,17-17-17
21.84,46.75,53.4,Loamy,Paddy,60.68,23.18,39.11,Urea
24.68,58.4,36.24,Sandy,Ground Nuts,21.55,16.49,16.02,10-26-26
28.02,67.27,54.49,Red,Sugarcane,22.16,11.42,19.55,20-20
24.53,54.34,60.92,Red,Millets,27.15,18.54,11.49,28-28
27.46,74.27,30.19,Clayey,Cotton,48.67,69.64,50.76,17-17-17
22.53,33.89,50.3,Red,Millets,28.0,24.29,15.47,28-28
22.43,68.11,29.26,Red,Watermelon,19.23,25.2,25.78,20-20
23.06,54.08,32.16,Sandy,Millets,21.95,9.07,11.93,Urea
24.99,34.61,50.38,Loamy,Pulses,73.62,44.37,32.16,20-20
23.0,45.58,47.03,Clayey,Oil seeds,56.65,54.75,48.11,14-35-14
22.18,37.51,32.97,Red,Maize,30.12,16.96,0.41,DAP
27.3,71.33,56.11,Clayey,Tobacco,56.13,43.93,34.3,14-35-14
27.95,46.6,41.76,Sandy,Oil seeds,25.52,13.27,21.54,20-20
20.98,48.29,46.52,Sandy,Oil seeds,23.62,13.14,8.2,20-20
34.61,89.19,33.3,Clayey,Paddy,64.76,44.8,47.12,Urea
24.64,43.27,46.38,Red,Pulses,38.36,10.3,16.15,10-26-26
31.8,74.06,36.16,Sandy,Maize,6.23,17.23,9.5,DAP
29.3,61.74,31.75,Red,Maize,16.08,24.29,16.18,DAP
33.87,79.79,43.28,Red,Ground Nuts,38.5,23.14,9.7,DAP
33.85,80.73,54.73,Red,Maize,38.2,28.53,24.06,DAP
23.65,50.7,55.65,Red,Watermelon,49.74,17.29,22.43,20-20
21.84,59.9,57.32,Red,Millets,32.64,25.21,23.36,28-28
28.21,67.59,44.55,Clayey,Rice,58.38,45.98,37.07,Urea
19.14,21.43,9.91,Black,Wheat,46.74,53.37,44.41,17-17-17
27.38,52.47,33.64,Black,Wheat,53.68,62.45,49.91,17-17-17
25.33,65.19,61.17,Black,Pulses,69.62,47.24,70.38,17-17-17
32.92,42.4,53.83,Black,Paddy,58.38,50.05,63.57,Urea
31.88,84.12,65.3,Sandy,Oil seeds,25.72,15.54,13.6,20-20
26.15,61.54,52.91,Sandy,Rice,35.71,22.37,21.67,Urea
28.55,65.33,44.31,Clayey,Rice,57.47,37.44,44.33,Urea
33.13,47.37,15.81,Clayey,Maize,41.41,33.07,36.32,28-28
27.27,40.89,55.59,Red,Wheat,25.15,25.27,29.04,28-28
29.84,65.05,51.02,Clayey,Wheat,54.39,47.79,29.52,14-35-14
26.99,48.0,44.05,Red,Maize,40.96,9.45,14.99,DAP
26.86,40.74,61.32,Sandy,Cotton,26.57,10.93,24.95,14-35-14
25.07,72.8,39.17,Black,Oil seeds,65.28,55.98,64.7,17-17-17
26.96,64.39,31.16,Red,Sugarcane,25.29,11.76,28.26,20-20
18.28,50.15,16.28,Loamy,Millets,55.93,31.13,47.4,DAP
27.45,45.34,77.13,Red,Watermelon,12.69,18.3,17.67,20-20
36.23,54.15,35.32,Black,Oil seeds,85.22,50.26,40.5,17-17-17
29.22,55.98,31.89,Red,Maize,29.78,18.66,31.21,DAP
28.71,71.54,38.12,Clayey,Barley,60.27,40.04,42.98,28-28
21.3,45.52,60.83,Clayey,Rice,61.4,39.24,50.27,Urea
35.41,62.75,64.16,Loamy,Sugarcane,37.32,34.65,35.93,17-17-17
17.36,32.23,57.28,Red,Watermelon,31.11,22.87,8.59,20-20
31.62,72.44,36.48,Clayey,Tobacco,57.76,32.87,40.11,14-35-14
32.37,59.79,56.21,Black,Wheat,76.57,35.36,56.32,17-17-17
18.24,50.85,55.67,Black,Maize,87.09,58.67,49.67,17-17-17
19.94,80.25,40.06,Clayey,Millets,54.22,36.29,35.89,17-17-17
38.13,61.47,22.08,Sandy,Millets,16.33,12.51,19.59,Urea
28.27,88.86,58.69,Clayey,Tobacco,77.64,41.96,29.39,14-35-14
23.31,70.03,17.88,Loamy,Ground Nuts,58.25,56.36,30.96,20-20
24.62,28.76,65.3,Loamy,Maize,60.47,30.26,34.44,20-20
26.34,71.37,62.44,Red,Barley,54.12,9.69,21.06,20-20
29.74,62.79,54.33,Clayey,Tobacco,51.77,50.23,45.68,14-35-14
29.85,42.99,65.73,Sandy,Millets,17.19,10.24,14.55,Urea
26.35,55.13,56.35,Red,Wheat,47.02,22.95,15.44,28-28
26.99,57.16,21.58,Red,Paddy,22.15,22.97,10.45,DAP
16.07,35.32,36.18,Clayey,Watermelon,75.46,39.29,38.01,10-26-26
19.79,63.99,65.13,Black,Wheat,61.02,54.74,51.0,17-17-17
23.38,48.68,53.44,Loamy,Ground Nuts,46.5,47.72,47.33,20-20
28.68,57.6,77.66,Red,Barley,30.69,14.46,4.27,20-20
25.82,41.28,45.08,Sandy,Maize,8.64,13.17,14.28,DAP
28.31,71.83,45.62,Clayey,Paddy,62.92,45.67,72.49,Urea
32.69,51.41,32.34,Red,Millets,15.19,27.18,23.86,28-28
27.9,61.28,46.09,Black,Watermelon,67.8,66.51,44.04,DAP
35.06,54.06,31.0,Black,Maize,64.27,62.99,50.48,17-17-17
38.39,59.5,37.45,Sandy,Sugarcane,22.62,20.26,9.99,10-26-26
29.86,53.11,19.4,Loamy,Barley,75.75,38.14,55.72,DAP
30.22,44.02,36.57,Loamy,Ground Nuts,64.56,39.0,46.27,20-20
35.95,53.1,22.11,Red,Millets,32.93,23.14,23.02,28-28
22.82,36.63,33.98,Red,Cotton,27.23,21.47,9.95,28-28
27.21,70.67,51.03,Loamy,Cotton,50.06,41.95,33.4,14-35-14
32.35,55.55,46.03,Black,Tobacco,80.09,30.69,46.44,17-17-17
32.79,52.46,47.54,Sandy,Oil seeds,27.23,20.74,23.38,20-20
28.68,58.56,42.03,Black,Watermelon,87.46,69.36,33.64,DAP
26.54,53.43,61.93,Clayey,Paddy,50.92,66.24,62.28,Urea
27.92,25.86,65.74,Red,Paddy,30.0,20.44,17.85,DAP
30.27,52.35,36.0,Sandy,Ground Nuts,30.1,15.56,16.49,10-26-26
30.14,78.15,30.3,Clayey,Sugarcane,70.52,53.03,45.31,14-35-14
20.48,58.91,67.56,Red,Wheat,28.73,23.29,15.14,28-28
27.9,29.18,31.65,Red,Cotton,29.82,18.21,11.43,28-28
23.4,55.67,36.48,Red,Rice,43.29,14.85,22.91,DAP
32.38,58.0,63.2,Loamy,Paddy,40.0,47.71,42.39,Urea
32.95,68.59,51.8,Loamy,Maize,55.89,38.8,41.77,20-20
26.16,45.4,61.98,Loamy,Sugarcane,55.76,37.21,36.59,17-17-17
29.71,58.46,12.55,Sandy,Watermelon,22.17,16.06,5.29,17-17-17
22.51,68.55,56.33,Red,Oil seeds,32.35,29.17,22.5,DAP
39.2,67.15,42.7,Clayey,Barley,66.27,35.11,44.51,28-28
20.62,51.6,35.68,Black,Rice,86.14,58.82,57.24,Urea
38.06,51.98,63.71,Clayey,Oil seeds,54.67,66.22,44.21,14-35-14
31.0,39.7,47.05,Sandy,Ground Nuts,23.09,15.31,15.79,10-26-26
29.65,45.64,53.67,Loamy,Watermelon,43.49,26.41,62.08,14-35-14
24.45,58.07,22.55,Loamy,Cotton,52.03,43.31,45.15,14-35-14
25.5,47.14,22.07,Clayey,Paddy,74.12,43.41,19.35,Urea
25.78,48.22,31.74,Loamy,Sugarcane,46.18,39.03,29.72,17-17-17
28.69,51.66,40.21,Red,Barley,12.8,19.12,18.43,20-20
28.86,26.35,65.11,Clayey,Cotton,62.58,46.26,34.51,17-17-17
20.49,62.36,46.03,Clayey,Barley,65.67,34.18,55.69,28-28
27.05,34.7,33.48,Loamy,Rice,54.66,40.85,39.68,Urea
30.52,92.24,33.94,Sandy,Maize,9.44,18.85,9.28,DAP
29.1,74.54,50.45,Loamy,Paddy,54.98,35.91,27.15,Urea
25.14,72.59,44.12,Black,Barley,57.54,33.55,60.22,17-17-17
26.27,45.51,20.7,Clayey,Rice,54.53,53.18,62.59,Urea
25.51,59.95,38.83,Black,Millets,81.83,34.64,43.99,20-20
37.69,70.97,57.79,Red,Millets,34.43,19.34,20.34,28-28
19.69,59.01,26.83,Red,Wheat,32.6,25.11,12.77,28-28
27.21,80.22,50.63,Red,Paddy,22.83,13.85,25.75,DAP
30.0,52.53,50.31,Black,Rice,69.56,40.88,46.35,Urea
22.65,48.27,46.82,Clayey,Sugarcane,59.71,52.77,40.99,14-35-14
27.55,71.74,72.47,Loamy,Rice,72.6,57.16,31.13,Urea
33.85,74.52,49.33,Loamy,Rice,71.46,31.97,44.95,Urea
32.79,95.53,35.74,Red,Sugarcane,48.14,20.14,39.35,20-20
24.3,59.54,68.12,Black,Barley,81.24,48.44,48.42,17-17-17
30.96,50.43,65.03,Sandy,Sugarcane,11.37,18.29,24.06,10-26-26
24.35,77.29,77.27,Black,Wheat,63.07,63.4,38.44,17-17-17
33.6,71.87,51.85,Loamy,Watermelon,51.85,15.14,54.74,14-35-14
38.72,61.05,81.27,Clayey,Rice,60.03,58.22,42.48,Urea
24.65,60.54,83.18,Loamy,Wheat,43.21,45.65,36.92,DAP
23.85,60.7,56.21,Clayey,Cotton,61.94,43.25,46.14,17-17-17
31.22,49.39,46.88,Sandy,Rice,25.37,9.65,13.25,Urea
25.01,77.91,84.35,Black,Watermelon,63.39,53.52,52.75,DAP
30.94,65.54,86.83,Clayey,Cotton,60.61,47.99,46.17,17-17-17
32.87,47.14,73.8,Loamy,Oil seeds,50.11,51.41,51.61,10-26-26
29.45,53.17,30.72,Loamy,Wheat,50.39,28.98,34.85,DAP
17.97,81.16,66.89,Black,Millets,88.02,44.26,48.62,20-20
15.03,91.1,51.5,Sandy,Watermelon,16.37,11.8,18.93,17-17-17
26.24,64.87,53.71,Sandy,Rice,21.91,13.1,9.96,Urea
20.88,56.41,53.64,Sandy,Watermelon,17.45,13.31,13.34,17-17-17
32.04,67.7,44.0,Red,Barley,24.63,11.22,11.78,20-20
32.94,82.15,25.37,Sandy,Ground Nuts,3.84,10.71,16.78,10-26-26
31.1,70.79,67.59,Sandy,Wheat,13.12,5.13,15.18,Urea
26.83,54.44,54.19,Red,Rice,18.61,34.44,33.61,DAP
21.96,70.84,60.77,Red,Sugarcane,27.34,30.21,34.54,20-20
23.77,70.51,24.07,Red,Paddy,26.76,0.0,13.05,DAP
24.12,39.89,23.72,Black,Cotton,78.26,62.4,41.98,DAP
15.75,63.49,65.15,Loamy,Paddy,51.35,43.04,27.24,Urea
25.68,63.81,68.53,Black,Paddy,62.6,36.23,46.24,Urea
22.94,76.45,38.58,Black,Pulses,72.46,45.29,47.24,17-17-17
27.76,69.73,63.67,Red,Pulses,29.72,16.9,11.26,10-26-26
31.46,59.4,8.38,Clayey,Millets,55.81,61.74,36.16,17-17-17
24.2,44.64,60.26,Red,Rice,15.24,25.14,23.56,DAP
20.6,43.15,57.05,Loamy,Rice,59.12,40.2,33.53,Urea
31.66,72.83,64.31,Black,Maize,102.14,30.41,45.14,17-17-17
26.11,71.83,26.91,Black,Cotton,70.25,55.36,47.63,DAP
32.19,61.17,52.6,Loamy,Sugarcane,54.07,45.28,41.13,17-17-17
24.48,23.32,60.64,Red,Cotton,32.4,22.71,18.46,28-28
24.1,83.04,58.96,Clayey,Tobacco,74.63,40.97,43.76,14-35-14
25.2,76.94,58.24,Clayey,Sugarcane,79.79,42.94,54.39,14-35-14
27.27,52.83,47.59,Black,Watermelon,44.53,62.49,41.83,DAP
23.65,34.5,43.91,Loamy,Pulses,78.92,42.12,43.93,20-20
26.49,83.04,33.89,Red,Pulses,13.9,26.39,26.09,10-26-26
33.75,60.99,70.17,Loamy,Maize,61.29,44.64,61.7,20-20
37.81,53.18,48.0,Red,Sugarcane,44.16,15.27,28.17,20-20
20.7,72.53,33.8,Sandy,Ground Nuts,17.28,16.49,2.15,10-26-26
32.78,53.82,35.92,Sandy,Sugarcane,12.79,18.56,12.36,10-26-26
23.64,86.41,48.25,Clayey,Wheat,75.92,48.27,44.89,14-35-14
26.14,68.55,37.72,Red,Barley,18.25,29.85,5.73,20-20
30.1,74.1,39.1,Loamy,Watermelon,34.33,53.08,35.59,14-35-14
23.77,54.66,43.35,Sandy,Cotton,20.76,15.52,3.17,14-35-14
29.74,47.87,40.27,Clayey,Pulses,46.67,45.8,69.15,14-35-14
27.82,69.48,49.09,Black,Paddy,78.93,55.71,63.87,Urea
32.44,42.21,66.2,Clayey,Cotton,55.52,55.48,38.97,17-17-17
25.28,52.43,22.2,Clayey,Pulses,62.64,49.67,39.41,14-35-14
30.88,50.76,73.88,Sandy,Cotton,19.14,14.46,22.25,14-35-14
26.88,52.08,46.33,Loamy,Tobacco,42.97,30.74,36.4,20-20
27.46,68.18,43.94,Red,Pulses,33.65,22.86,8.39,10-26-26
26.39,39.17,60.99,Sandy,Tobacco,27.63,10.67,18.44,10-26-26
29.0,41.6,60.96,Sandy,Oil seeds,25.8,15.04,17.36,20-20
37.28,58.61,38.8,Clayey,Paddy,66.81,55.17,60.56,Urea
31.97,55.49,32.93,Red,Oil seeds,13.18,13.02,5.93,DAP
34.21,64.94,47.1,Red,Watermelon,38.95,27.52,22.29,20-20
26.54,50.97,72.78,Clayey,Maize,48.49,38.99,48.76,28-28
27.51,41.87,18.74,Loamy,Cotton,59.58,49.5,44.16,14-35-14
26.79,44.6,63.45,Red,Paddy,35.03,25.65,34.37,DAP
34.0,70.48,42.43,Loamy,Tobacco,49.46,38.24,40.67,20-20
19.01,11.18,62.93,Sandy,Millets,15.77,7.48,12.05,Urea
30.51,91.49,34.41,Red,Millets,22.32,17.41,31.57,28-28
24.91,54.2,27.58,Loamy,Tobacco,50.39,50.05,49.95,20-20
27.73,50.84,52.59,Clayey,Pulses,47.87,42.43,37.62,14-35-14
26.12,52.87,54.19,Sandy,Pulses,19.58,14.05,11.23,DAP
20.86,51.42,25.18,Black,Paddy,80.31,34.39,53.46,Urea
25.62,53.12,52.51,Clayey,Wheat,59.93,40.05,30.05,14-35-14
22.88,50.5,16.41,Clayey,Barley,49.96,46.52,54.44,28-28
25.88,62.77,41.84,Red,Watermelon,25.68,27.64,13.1,20-20
29.06,89.0,59.58,Black,Maize,80.31,30.46,56.21,17-17-17
30.83,52.28,29.37,Sandy,Wheat,19.46,16.41,10.0,Urea
27.84,64.5,40.75,Loamy,Rice,40.66,48.0,35.4,Urea
35.68,60.7,6.85,Black,Ground Nuts,92.8,38.06,63.23,17-17-17
22.21,76.1,31.81,Clayey,Ground Nuts,65.82,56.24,49.89,14-35-14
33.54,52.1,28.76,Clayey,Paddy,64.48,28.31,51.04,Urea
29.84,46.08,28.03,Red,Watermelon,33.26,28.49,16.12,20-20
22.19,76.09,49.15,Red,Millets,21.0,7.44,17.51,28-28
35.73,65.46,70.07,Loamy,Tobacco,70.12,34.27,38.08,20-20
27.11,36.73,50.67,Loamy,Ground Nuts,48.68,45.68,50.65,20-20
31.54,20.39,32.5,Black,Oil seeds,90.24,57.74,43.1,17-17-17
25.79,42.85,54.05,Loamy,Millets,67.3,38.09,31.1,DAP
36.33,23.63,46.91,Black,Sugarcane,85.0,38.36,53.93,Urea
30.68,74.72,26.19,Black,Maize,68.18,56.29,41.54,17-17-17
30.26,39.75,48.8,Red,Barley,13.16,28.51,25.85,20-20
31.49,21.84,29.83,Red,Tobacco,25.27,10.32,11.35,10-26-26
32.09,40.96,17.18,Loamy,Barley,39.8,32.65,27.92,DAP
32.35,43.58,63.93,Sandy,Rice,28.78,17.16,3.03,Urea
27.64,37.35,68.3,Clayey,Wheat,63.53,37.54,42.77,14-35-14
32.31,59.75,18.61,Sandy,Wheat,8.44,4.3,3.87,Urea
32.17,67.84,39.72,Black,Oil seeds,63.28,49.79,50.53,17-17-17
24.61,72.09,42.54,Clayey,Paddy,53.69,50.23,53.21,Urea
29.48,59.39,47.87,Clayey,Maize,64.09,65.78,50.4,28-28
18.64,49.65,24.48,Sandy,Watermelon,6.7,10.13,6.02,17-17-17
26.01,65.53,10.36,Loamy,Millets,69.58,27.12,56.55,DAP
23.68,60.7,25.07,Loamy,Wheat,50.46,43.34,48.64,DAP
28.48,65.65,37.65,Clayey,Watermelon,54.73,45.74,42.79,10-26-26
29.97,80.38,52.96,Sandy,Cotton,6.31,3.08,15.8,14-35-14
33.32,41.57,48.19,Clayey,Cotton,70.5,17.4,31.19,17-17-17
27.04,60.86,10.76,Black,Pulses,60.21,35.66,44.41,17-17-17
32.15,48.87,39.27,Black,Rice,99.3,69.17,56.1,Urea
33.22,46.91,39.65,Clayey,Sugarcane,51.03,39.81,29.53,14-35-14
30.04,45.58,29.94,Red,Ground Nuts,41.63,11.15,34.08,DAP
30.8,46.93,61.29,Red,Cotton,43.14,16.96,24.48,28-28
37.23,68.76,39.61,Black,Watermelon,64.13,56.82,60.44,DAP
26.81,34.88,57.15,Clayey,Cotton,66.09,60.44,41.37,17-17-17
30.14,57.14,20.12,Sandy,Tobacco,31.22,15.58,12.93,10-26-26
23.69,61.88,74.4,Loamy,Maize,55.62,43.27,55.34,20-20
21.41,37.13,70.15,Clayey,Paddy,64.16,32.46,51.72,Urea
25.81,33.11,52.01,Red,Rice,41.94,11.45,9.96,DAP
28.25,62.32,49.34,Clayey,Millets,46.65,57.89,64.08,17-17-17
29.53,68.46,47.64,Red,Rice,17.27,8.04,20.43,DAP
28.64,47.41,39.36,Black,Sugarcane,72.07,46.82,46.95,Urea
25.37,59.92,66.86,Red,Millets,36.98,24.24,16.02,28-28
27.01,46.37,40.3,Black,Oil seeds,72.82,43.07,50.47,17-17-17
28.47,48.34,42.15,Black,Rice,61.86,48.27,52.87,Urea
32.1,45.74,55.44,Loamy,Millets,73.49,33.14,52.55,DAP
24.63,71.71,27.49,Red,Cotton,34.32,28.73,18.29,28-28
33.2,79.42,34.17,Clayey,Sugarcane,74.4,30.81,33.6,14-35-14
30.8,60.15,42.03,Clayey,Oil seeds,48.12,39.43,49.58,14-35-14
24.78,26.66,57.14,Clayey,Rice,54.14,54.22,42.89,Urea
32.39,60.43,61.12,Clayey,Wheat,56.46,51.07,49.03,14-35-14
24.56,41.19,22.94,Clayey,Rice,57.05,34.22,58.46,Urea
31.61,55.62,46.98,Clayey,Cotton,71.68,42.52,49.76,17-17-17
22.96,34.15,49.67,Sandy,Pulses,22.45,14.88,22.78,DAP
20.54,66.39,66.61,Clayey,Pulses,62.25,32.34,55.0,14-35-14
29.92,66.3,50.42,Black,Oil seeds,80.76,66.25,40.84,17-17-17
34.52,69.97,36.71,Loamy,Pulses,57.71,30.25,40.18,20-20
33.3,79.41,59.68,Red,Oil seeds,33.97,11.25,13.85,DAP
25.37,48.61,47.26,Clayey,Millets,51.6,23.76,39.01,17-17-17
25.18,57.71,33.75,Black,Maize,67.99,50.99,51.89,17-17-17
26.15,40.53,68.67,Sandy,Pulses,23.15,13.63,23.48,DAP
19.26,48.19,43.98,Sandy,Watermelon,21.49,5.25,21.68,17-17-17
21.74,47.78,39.73,Loamy,Cotton,53.49,28.75,18.84,14-35-14
31.76,61.66,53.34,Loamy,Oil seeds,69.41,45.02,42.2,10-26-26
23.6,72.42,57.03,Red,Oil seeds,36.21,17.68,29.68,DAP
23.86,67.78,20.78,Red,Pulses,30.83,3.83,24.78,10-26-26
25.56,60.45,49.76,Black,Cotton,63.39,53.67,39.86,DAP
11.86,56.56,29.21,Clayey,Barley,70.06,50.08,46.58,28-28
31.35,67.77,57.44,Loamy,Millets,46.92,44.07,49.47,DAP
28.58,55.5,65.77,Clayey,Ground Nuts,67.73,45.04,28.75,14-35-14
20.8,63.46,34.83,Loamy,Ground Nuts,53.26,28.56,41.3,20-20
31.36,56.9,67.0,Black,Barley,39.18,55.73,56.73,17-17-17
35.62,86.96,27.56,Clayey,Oil seeds,43.15,47.94,24.58,14-35-14
35.26,32.2,48.01,Clayey,Barley,43.17,37.37,49.06,28-28
38.53,73.33,43.67,Black,Tobacco,68.11,54.86,49.41,17-17-17
32.4,51.94,57.37,Red,Maize,24.82,24.64,31.22,DAP
36.63,38.5,60.34,Clayey,Maize,51.13,40.08,53.92,28-28
32.11,44.52,22.22,Black,Maize,76.87,32.13,53.43,17-17-17
30.64,37.22,44.77,Clayey,Watermelon,56.96,30.73,39.77,10-26-26
25.76,49.62,15.47,Sandy,Ground Nuts,15.31,18.26,16.97,10-26-26
28.67,79.09,41.97,Sandy,Watermelon,17.67,10.82,12.09,17-17-17
23.02,63.74,54.43,Loamy,Cotton,63.06,39.76,45.05,14-35-14
34.23,61.72,47.37,Red,Oil seeds,40.25,13.23,21.54,DAP
32.87,45.16,44.88,Loamy,Sugarcane,33.51,12.91,53.88,17-17-17
21.39,67.88,64.78,Loamy,Barley,65.5,35.89,38.07,DAP
28.61,72.82,61.06,Red,Barley,23.87,13.91,28.4,20-20
20.23,65.78,13.81,Clayey,Sugarcane,73.47,50.14,47.44,14-35-14
17.78,58.51,50.65,Black,Barley,95.79,42.49,68.33,17-17-17
28.79,84.76,36.78,Red,Cotton,27.57,28.11,15.63,28-28
22.85,67.45,32.39,Loamy,Paddy,58.13,38.0,50.23,Urea
29.56,59.04,37.15,Loamy,Watermelon,28.29,37.13,34.56,14-35-14
26.22,73.68,25.02,Red,Cotton,20.81,18.27,24.51,28-28
32.4,55.41,44.52,Clayey,Barley,62.27,38.7,38.3,28-28
31.36,56.66,31.91,Clayey,Oil seeds,64.67,48.49,49.86,14-35-14
32.06,48.25,49.88,Loamy,Wheat,55.86,55.33,37.87,DAP
26.59,53.82,56.08,Loamy,Cotton,46.61,35.11,44.81,14-35-14
25.55,47.63,33.18,Sandy,Sugarcane,19.47,15.77,20.16,10-26-26
23.81,73.86,37.06,Black,Tobacco,69.84,61.93,46.2,17-17-17
30.91,87.26,14.05,Red,Rice,46.63,24.8,14.98,DAP
26.01,68.02,46.37,Sandy,Oil seeds,4.86,6.06,16.87,20-20
23.63,49.25,35.86,Black,Barley,68.09,42.06,60.53,17-17-17
30.37,72.1,67.45,Red,Oil seeds,34.93,16.88,15.64,DAP
31.28,45.22,29.78,Loamy,Cotton,60.88,50.09,42.96,14-35-14
30.19,88.33,34.72,Loamy,Barley,71.04,38.6,44.52,DAP
24.65,55.73,54.02,Loamy,Rice,62.35,25.54,21.1,Urea
28.14,24.22,69.15,Red,Tobacco,24.52,23.47,9.75,10-26-26
19.59,53.08,20.49,Sandy,Watermelon,13.62,10.55,16.56,17-17-17
27.93,52.03,49.3,Sandy,Watermelon,15.97,16.05,17.12,17-17-17
37.16,62.6,34.89,Sandy,Cotton,27.02,6.78,17.63,14-35-14
32.31,84.15,20.37,Clayey,Pulses,60.18,54.46,38.24,14-35-14
17.62,53.33,18.96,Clayey,Millets,48.45,45.3,33.41,17-17-17
18.74,57.66,81.77,Red,Barley,17.66,15.0,5.87,20-20
19.41,64.45,44.39,Sandy,Paddy,23.56,16.45,9.03,Urea
19.94,40.61,52.2,Clayey,Watermelon,53.62,54.29,37.12,10-26-26
27.83,59.09,42.24,Sandy,Sugarcane,23.97,16.47,20.45,10-26-26
32.47,44.13,50.86,Loamy,Tobacco,41.86,36.58,40.22,20-20
33.17,60.01,50.1,Sandy,Rice,22.86,8.12,6.95,Urea
29.09,54.84,46.1,Loamy,Barley,67.13,28.19,36.61,DAP
27.38,51.38,74.82,Black,Pulses,59.93,34.8,48.36,17-17-17
27.57,38.31,26.5,Clayey,Oil seeds,54.01,57.24,48.37,14-35-14
26.52,75.84,29.38,Sandy,Paddy,33.15,3.29,1.05,Urea
33.25,48.2,69.02,Loamy,Watermelon,42.03,40.71,55.62,14-35-14
19.95,80.49,31.84,Red,Pulses,30.49,31.52,16.71,10-26-26
37.7,58.19,45.66,Black,Paddy,72.48,42.96,53.88,Urea
25.55,63.73,28.45,Loamy,Paddy,67.82,34.0,46.0,Urea
35.6,61.65,33.45,Red,Pulses,51.33,28.0,11.39,10-26-26
29.02,73.12,25.15,Red,Maize,24.59,10.84,22.13,DAP
34.53,68.21,30.98,Red,Oil seeds,35.57,28.06,7.06,DAP
26.49,50.46,35.59,Black,Barley,53.27,50.47,45.13,17-17-17
30.98,43.73,44.72,Black,Watermelon,67.76,43.96,58.51,DAP
23.11,61.09,56.92,Loamy,Rice,61.26,45.63,37.21,Urea
26.4,68.23,31.62,Sandy,Maize,21.56,10.17,17.97,DAP
19.04,63.42,40.72,Clayey,Ground Nuts,66.68,66.59,32.48,14-35-14
31.3,77.04,33.7,Clayey,Watermelon,74.98,47.34,52.17,10-26-26
27.88,92.69,56.28,Clayey,Pulses,76.49,41.39,43.61,14-35-14
27.7,69.09,33.92,Sandy,Cotton,33.68,11.23,8.6,14-35-14
15.09,46.96,22.33,Black,Ground Nuts,88.08,52.16,50.41,17-17-17
26.78,61.53,48.43,Red,Wheat,35.1,21.11,24.32,28-28
30.0,49.52,16.71,Black,Cotton,93.03,46.56,48.42,DAP
27.53,88.19,31.11,Sandy,Oil seeds,18.52,11.63,18.26,20-20
33.19,74.32,50.52,Loamy,Rice,64.47,64.53,48.79,Urea
27.02,69.8,68.42,Clayey,Ground Nuts,53.52,50.79,48.82,14-35-14
33.6,62.08,42.36,Black,Maize,76.88,44.39,61.68,17-17-17
22.97,55.13,54.85,Red,Cotton,21.8,33.09,4.51,28-28
26.72,60.49,41.0,Clayey,Barley,71.49,33.11,59.32,28-28
25.48,69.85,15.62,Clayey,Watermelon,75.21,37.89,46.02,10-26-26
30.65,46.97,27.49,Red,Rice,38.48,23.31,20.27,DAP
31.93,64.95,46.64,Black,Paddy,68.2,51.58,54.87,Urea
25.4,91.43,73.06,Clayey,Pulses,57.24,37.66,32.53,14-35-14
26.54,20.71,25.64,Sandy,Sugarcane,15.74,14.06,17.31,10-26-26
30.33,58.54,45.29,Black,Ground Nuts,53.97,53.09,68.48,17-17-17
25.5,59.83,60.04,Black,Paddy,84.44,44.31,49.53,Urea
31.94,79.87,42.67,Sandy,Sugarcane,20.92,12.79,15.35,10-26-26
24.63,56.89,18.75,Red,Maize,21.89,25.82,23.11,DAP
31.88,88.34,45.17,Clayey,Wheat,52.82,52.08,52.83,14-35-14
32.82,68.74,30.84,Sandy,Sugarcane,12.42,9.08,20.0,10-26-26
23.62,50.93,33.54,Black,Millets,71.11,49.37,41.18,20-20
19.17,39.03,55.72,Sandy,Millets,8.79,0.0,17.23,Urea
26.66,56.33,61.67,Sandy,Sugarcane,8.95,8.74,18.23,10-26-26
31.79,57.17,41.1,Clayey,Wheat,75.47,43.42,48.14,14-35-14
23.06,40.79,35.73,Loamy,Millets,65.37,41.8,51.04,DAP
29.76,59.71,54.9,Sandy,Oil seeds,12.58,15.52,19.57,20-20
27.01,44.66,36.6,Clayey,Tobacco,68.39,55.99,31.51,14-35-14
23.75,71.46,48.85,Sandy,Rice,18.93,17.0,23.76,Urea
24.19,85.82,25.88,Loamy,Tobacco,59.66,53.96,32.08,20-20
30.1,72.9,33.8,Red,Ground Nuts,32.52,8.76,13.99,DAP
33.38,61.9,71.29,Red,Wheat,26.79,13.93,28.74,28-28
28.11,72.65,53.3,Loamy,Millets,49.08,41.76,17.78,DAP
33.98,60.29,62.39,Red,Watermelon,15.41,17.9,8.96,20-20
19.68,48.61,16.27,Sandy,Wheat,17.84,6.78,15.1,Urea
20.32,58.89,28.79,Black,Tobacco,74.76,51.47,45.72,17-17-17
23.32,55.12,41.01,Loamy,Millets,56.42,41.48,39.68,DAP
30.3,49.38,51.01,Loamy,Cotton,65.7,44.81,44.44,14-35-14
21.93,44.46,43.09,Clayey,Pulses,59.2,46.75,39.97,14-35-14
34.0,59.9,36.17,Clayey,Barley,74.75,51.76,32.13,28-28
23.45,70.84,38.19,Sandy,Sugarcane,32.27,13.53,13.93,10-26-26
26.52,63.62,27.73,Red,Tobacco,30.44,0.0,24.47,10-26-26
19.68,43.54,45.09,Sandy,Rice,18.72,16.11,7.76,Urea
26.77,53.42,44.21,Black,Pulses,62.55,65.1,30.84,17-17-17
25.31,58.54,19.75,Black,Cotton,71.22,58.43,42.46,DAP
29.05,66.99,49.7,Clayey,Barley,52.05,36.46,48.46,28-28
29.94,65.69,56.29,Black,Millets,88.79,60.83,54.34,20-20
34.83,59.46,20.08,Red,Sugarcane,37.89,27.81,23.82,20-20
22.99,58.2,38.18,Clayey,Sugarcane,56.04,49.04,53.2,14-35-14
32.16,68.56,41.13,Loamy,Wheat,79.18,37.53,37.26,DAP
25.35,71.91,26.19,Black,Rice,70.8,34.37,55.16,Urea
20.27,75.29,38.39,Sandy,Millets,20.38,13.66,25.07,Urea
34.29,53.57,48.95,Loamy,Watermelon,69.44,36.06,49.09,14-35-14
28.38,90.27,16.89,Sandy,Ground Nuts,37.28,10.94,19.35,10-26-26
36.93,46.03,75.28,Sandy,Tobacco,24.28,22.76,17.74,10-26-26
23.8,54.85,38.13,Red,Barley,41.28,18.01,14.21,20-20
30.01,71.12,34.99,Clayey,Watermelon,56.96,28.97,46.3,10-26-26
24.19,47.37,60.31,Clayey,Oil seeds,43.47,35.72,32.42,14-35-14
31.58,34.05,65.01,Clayey,Pulses,55.12,51.94,30.64,14-35-14
30.53,60.32,41.72,Black,Oil seeds,64.08,58.22,62.12,17-17-17
33.02,65.42,35.32,Clayey,Barley,68.13,44.28,58.56,28-28
27.85,62.37,64.06,Loamy,Cotton,27.27,37.1,45.69,14-35-14
32.71,59.65,63.24,Red,Rice,40.53,9.35,16.04,DAP
28.63,61.25,44.34,Red,Rice,19.53,31.48,5.91,DAP
22.17,75.78,30.32,Red,Maize,33.44,26.73,26.15,DAP
29.49,81.87,36.78,Loamy,Paddy,58.44,29.24,30.43,Urea
19.65,37.7,5.0,Red,Millets,43.84,23.43,17.78,28-28
27.77,67.97,81.01,Black,Rice,76.37,46.12,34.43,Urea
27.42,58.96,27.51,Red,Ground Nuts,48.68,21.17,13.27,DAP
33.07,58.9,59.66,Sandy,Sugarcane,32.82,9.69,14.62,10-26-26
30.3,91.97,38.83,Red,Barley,35.66,2.32,12.58,20-20
30.94,66.42,73.9,Sandy,Oil seeds,13.49,16.77,3.45,20-20
34.31,46.61,78.34,Loamy,Ground Nuts,40.54,36.3,43.33,20-20
25.85,66.05,37.82,Clayey,Watermelon,62.96,47.78,46.1,10-26-26
19.9,64.94,43.12,Red,Rice,25.09,23.5,15.32,DAP
29.66,61.83,24.58,Red,Maize,23.6,13.64,13.83,DAP
24.93,78.82,46.12,Clayey,Ground Nuts,46.73,51.51,32.83,14-35-14
21.72,62.79,50.06,Loamy,Paddy,67.26,43.6,42.31,Urea
24.36,64.79,69.8,Sandy,Oil seeds,19.94,10.14,13.71,20-20
27.26,55.66,70.66,Clayey,Maize,48.05,45.64,45.54,28-28
18.98,36.05,66.75,Black,Oil seeds,65.39,49.3,68.32,17-17-17
31.79,61.86,72.51,Red,Paddy,23.18,8.64,15.58,DAP
29.08,60.81,51.91,Sandy,Pulses,9.59,10.68,7.57,DAP
34.68,40.42,49.14,Loamy,Pulses,44.57,38.75,45.18,20-20
25.33,57.91,34.28,Black,Cotton,67.53,53.24,39.9,DAP
28.1,25.2,56.74,Clayey,Barley,60.15,51.46,35.25,28-28
31.66,75.68,53.87,Sandy,Ground Nuts,36.97,16.47,14.44,10-26-26
16.35,76.29,60.83,Black,Millets,44.89,63.42,64.13,20-20
28.5,70.82,44.22,Sandy,Watermelon,16.97,11.23,21.48,17-17-17
23.72,79.69,53.04,Red,Pulses,27.49,29.3,31.18,10-26-26
23.34,61.31,54.6,Loamy,Millets,35.76,39.52,33.28,DAP
21.29,50.12,62.18,Black,Barley,78.46,54.59,41.25,17-17-17
31.17,95.57,49.32,Red,Pulses,38.69,21.31,24.75,10-26-26
23.32,25.88,27.1,Loamy,Tobacco,73.16,17.35,54.82,20-20
30.59,59.02,50.2,Loamy,Millets,53.99,44.92,38.56,DAP
34.0,43.0,61.15,Clayey,Watermelon,76.66,41.57,52.31,10-26-26
26.44,49.84,41.9,Loamy,Tobacco,50.44,21.34,29.14,20-20
24.48,57.35,60.37,Sandy,Millets,6.79,19.81,15.21,Urea
20.53,58.02,44.16,Red,Wheat,29.38,22.71,20.45,28-28
22.64,41.86,51.93,Black,Paddy,51.0,45.68,38.97,Urea
31.78,80.76,59.58,Sandy,Paddy,27.23,13.59,9.94,Urea
24.7,49.04,42.56,Clayey,Pulses,68.35,34.16,30.48,14-35-14
29.12,46.41,49.88,Black,Rice,51.4,49.75,59.37,Urea
23.89,71.19,73.96,Red,Cotton,35.71,28.92,16.88,28-28
33.25,42.56,39.64,Loamy,Rice,43.74,37.18,34.54,Urea
27.63,46.91,63.55,Red,Pulses,30.79,25.47,27.7,10-26-26
29.21,79.01,42.05,Sandy,Watermelon,21.34,12.33,7.85,17-17-17
24.71,50.72,41.85,Clayey,Wheat,54.19,36.88,49.24,14-35-14
37.22,48.84,49.85,Black,Barley,68.98,50.65,52.17,17-17-17
36.27,43.22,57.69,Red,Ground Nuts,34.39,25.39,6.91,DAP
23.17,73.69,51.99,Red,Pulses,28.86,28.07,8.8,10-26-26
25.72,65.78,68.73,Black,Paddy,80.42,54.48,37.08,Urea
28.05,81.01,46.96,Loamy,Cotton,55.55,32.71,49.45,14-35-14
34.0,48.8,55.59,Sandy,Barley,17.61,9.59,19.04,Urea
31.89,47.31,34.14,Sandy,Barley,21.04,19.59,13.88,Urea
25.07,48.04,66.71,Red,Oil seeds,21.92,23.36,23.23,DAP
27.5,87.7,28.95,Red,Rice,17.2,25.2,26.98,DAP
30.62,60.04,49.48,Clayey,Rice,49.42,52.47,51.09,Urea
24.3,53.35,61.88,Sandy,Maize,9.82,7.39,20.76,DAP
18.79,32.05,60.27,Red,Wheat,42.18,17.91,28.2,28-28
22.23,85.84,47.99,Clayey,Oil seeds,65.31,46.78,34.17,14-35-14
29.97,58.09,30.09,Black,Cotton,76.51,58.53,48.61,DAP
33.91,60.87,63.72,Loamy,Pulses,50.74,44.47,34.54,20-20
27.32,62.23,52.06,Sandy,Maize,22.11,10.36,8.71,DAP
33.41,39.76,38.77,Clayey,Millets,67.82,37.2,37.09,17-17-17
24.52,48.74,38.12,Clayey,Cotton,52.82,33.54,41.14,17-17-17
27.1,33.81,42.27,Clayey,Wheat,69.94,40.35,45.66,14-35-14
26.72,61.3,61.89,Red,Paddy,30.43,21.9,20.41,DAP
31.94,48.85,59.01,Loamy,Cotton,57.76,44.52,30.4,14-35-14
39.61,75.93,66.21,Clayey,Paddy,69.7,51.37,32.42,Urea
20.87,32.88,62.74,Loamy,Pulses,65.9,46.24,45.06,20-20
28.55,68.3,31.4,Red,Oil seeds,38.37,26.03,20.58,DAP
33.51,36.92,52.61,Red,Tobacco,14.08,22.99,26.99,10-26-26
29.55,65.6,22.54,Sandy,Sugarcane,18.07,11.35,14.01,10-26-26
25.13,74.91,47.85,Clayey,Millets,58.14,40.97,43.56,17-17-17
23.2,47.5,29.13,Sandy,Maize,21.22,18.59,14.81,DAP
19.08,58.08,44.99,Loamy,Pulses,59.02,55.45,25.84,20-20
30.11,61.93,67.86,Loamy,Sugarcane,43.7,33.66,29.68,17-17-17
20.61,63.03,66.07,Red,Rice,18.98,26.02,33.25,DAP
28.09,60.54,71.46,Clayey,Maize,47.93,52.46,59.27,28-28
28.37,76.5,49.37,Red,Sugarcane,30.91,26.21,21.15,20-20
29.18,27.67,51.42,Red,Cotton,35.31,22.66,45.72,28-28
33.19,65.02,67.17,Red,Pulses,32.01,20.33,20.81,10-26-26
34.66,69.83,50.33,Sandy,Barley,9.07,8.94,28.8,Urea
18.91,68.12,33.43,Black,Maize,81.26,44.75,49.83,17-17-17
25.0,56.84,59.21,Clayey,Oil seeds,37.57,33.43,47.31,14-35-14
26.75,64.38,32.74,Clayey,Watermelon,73.47,54.29,27.18,10-26-26
21.97,17.11,26.56,Loamy,Ground Nuts,66.25,36.8,24.7,20-20
28.26,42.28,37.46,Clayey,Paddy,61.91,46.3,46.61,Urea
37.4,63.34,54.88,Red,Tobacco,27.01,9.5,19.51,10-26-26
17.91,67.82,48.63,Clayey,Sugarcane,60.94,47.73,56.94,14-35-14
16.17,88.79,47.97,Clayey,Watermelon,48.01,32.75,47.95,10-26-26
24.69,66.14,41.47,Black,Watermelon,75.25,41.75,46.78,DAP
38.75,59.11,45.32,Clayey,Rice,70.11,51.86,48.76,Urea
28.71,42.98,63.45,Loamy,Ground Nuts,48.22,43.31,44.23,20-20
20.74,53.91,30.8,Loamy,Watermelon,85.55,34.77,57.12,14-35-14
28.97,40.95,49.3,Clayey,Rice,57.03,48.21,58.12,Urea
32.38,50.95,48.95,Red,Cotton,35.19,22.97,25.44,28-28
23.87,45.32,29.89,Red,Sugarcane,29.06,21.62,13.73,20-20
24.86,65.35,74.23,Clayey,Maize,57.88,46.97,37.6,28-28
24.15,46.68,59.47,Sandy,Wheat,28.45,16.01,28.21,Urea
25.76,70.5,55.86,Black,Rice,68.3,66.18,56.08,Urea
26.64,62.64,34.31,Red,Wheat,24.14,12.05,24.9,28-28
23.68,53.3,46.07,Sandy,Rice,27.13,13.88,17.86,Urea
26.69,71.63,24.26,Black,Barley,53.37,49.56,49.52,17-17-17
26.63,53.89,42.17,Black,Oil seeds,67.83,42.42,50.46,17-17-17
29.39,53.05,6.8,Sandy,Millets,25.87,14.78,5.48,Urea
29.16,46.09,64.33,Clayey,Rice,62.38,40.68,49.8,Urea
33.01,59.3,47.49,Red,Watermelon,17.24,24.52,15.96,20-20
20.37,72.9,54.66,Red,Oil seeds,30.06,25.21,27.11,DAP
25.41,78.5,63.91,Loamy,Tobacco,48.92,49.34,24.98,20-20
28.24,51.35,47.55,Black,Ground Nuts,77.28,49.67,57.98,17-17-17
31.2,51.39,48.71,Clayey,Ground Nuts,66.42,39.53,38.04,14-35-14
33.58,53.07,21.02,Black,Maize,82.69,44.25,54.32,17-17-17
35.2,60.0,69.73,Loamy,Rice,51.87,48.1,31.18,Urea
26.49,45.2,39.52,Clayey,Sugarcane,63.42,40.87,34.82,14-35-14
25.45,62.24,56.56,Sandy,Maize,13.23,10.35,20.55,DAP
30.03,35.99,22.32,Black,Oil seeds,88.99,54.95,54.35,17-17-17
32.47,57.16,23.33,Sandy,Oil seeds,36.08,14.4,8.74,20-20
35.52,61.47,18.32,Sandy,Rice,10.09,4.01,11.18,Urea
32.47,66.79,48.59,Loamy,Ground Nuts,56.44,40.23,38.0,20-20
34.15,40.93,48.46,Loamy,Cotton,47.07,36.16,50.83,14-35-14
24.06,61.99,40.52,Black,Oil seeds,58.18,48.58,59.58,17-17-17
20.36,62.95,49.63,Red,Maize,33.36,19.64,22.93,DAP
30.93,78.24,22.29,Red,Barley,34.53,17.37,26.13,20-20
35.42,48.98,24.01,Clayey,Oil seeds,49.14,38.6,45.3,14-35-14
29.05,49.7,69.34,Clayey,Rice,69.8,49.55,39.46,Urea
24.74,54.33,19.48,Loamy,Watermelon,48.67,34.17,19.41,14-35-14
33.28,29.93,39.87,Sandy,Oil seeds,32.96,22.65,12.96,20-20
31.24,53.13,27.29,Black,Pulses,52.95,43.14,41.65,17-17-17
23.03,36.81,28.75,Loamy,Paddy,79.59,44.28,43.21,Urea
28.55,54.2,68.47,Loamy,Millets,60.02,46.14,37.15,DAP
22.98,89.1,45.95,Clayey,Millets,46.33,47.37,45.06,17-17-17
26.78,78.95,24.73,Red,Ground Nuts,24.4,17.01,19.04,DAP
34.59,66.02,77.74,Black,Ground Nuts,71.37,48.02,59.5,17-17-17
24.01,66.11,46.33,Sandy,Watermelon,31.87,25.34,24.53,17-17-17
22.28,64.03,71.13,Black,Cotton,70.44,52.18,41.01,DAP
23.24,60.97,61.11,Red,Paddy,30.4,8.07,4.4,DAP
30.51,63.72,46.17,Clayey,Rice,52.33,55.29,45.68,Urea
18.94,27.4,55.9,Loamy,Barley,68.99,32.02,35.49,DAP
26.23,91.91,17.32,Loamy,Ground Nuts,47.94,32.72,43.96,20-20
25.72,44.54,54.2,Black,Millets,63.68,41.61,44.87,20-20
31.69,62.41,35.06,Clayey,Pulses,60.38,39.72,47.51,14-35-14
27.63,10.13,22.97,Clayey,Barley,48.16,62.03,40.01,28-28
23.34,65.59,24.01,Loamy,Watermelon,62.45,50.71,46.7,14-35-14
26.91,56.58,55.04,Red,Wheat,11.18,30.61,12.63,28-28
19.6,61.87,26.86,Loamy,Paddy,56.58,52.02,41.49,Urea
36.29,85.85,29.86,Black,Ground Nuts,80.66,46.22,50.17,17-17-17
26.54,59.1,52.4,Black,Tobacco,81.97,57.6,47.13,17-17-17
20.99,46.6,32.07,Loamy,Paddy,54.01,45.23,52.45,Urea
28.65,77.66,26.76,Loamy,Tobacco,58.79,40.55,33.86,20-20
23.99,46.69,13.5,Black,Wheat,66.35,37.15,53.51,17-17-17
37.46,63.62,36.12,Sandy,Paddy,24.33,19.0,25.59,Urea
33.06,79.11,30.75,Sandy,Oil seeds,15.03,19.39,9.34,20-20
36.81,97.49,38.31,Loamy,Ground Nuts,53.95,38.48,33.58,20-20
26.66,44.24,61.01,Red,Rice,21.52,33.96,22.47,DAP
24.36,83.37,20.03,Clayey,Ground Nuts,47.01,29.54,42.82,14-35-14
34.11,65.9,58.13,Clayey,Cotton,57.58,45.45,53.67,17-17-17
31.83,54.44,64.52,Clayey,Maize,65.59,39.13,48.82,28-28
26.29,74.94,48.24,Red,Rice,34.51,18.7,18.2,DAP
33.76,55.92,40.97,Sandy,Tobacco,16.32,10.71,16.18,10-26-26
27.2,66.07,50.28,Red,Ground Nuts,38.69,24.53,20.66,DAP
27.78,80.17,36.49,Black,Ground Nuts,64.73,45.41,60.4,17-17-17
26.2,48.45,25.72,Sandy,Watermelon,17.12,15.63,9.51,17-17-17
27.72,54.34,65.17,Clayey,Sugarcane,57.12,43.86,49.31,14-35-14
32.52,63.15,53.07,Red,Ground Nuts,37.63,12.43,20.55,DAP
25.05,65.29,40.18,Sandy,Ground Nuts,19.76,13.07,22.57,10-26-26
22.91,58.3,29.84,Red,Oil seeds,26.52,14.74,21.54,DAP
32.69,53.13,35.58,Red,Pulses,14.7,30.16,29.58,10-26-26
27.8,14.28,38.64,Clayey,Pulses,75.73,43.94,50.58,14-35-14
21.31,94.4,57.3,Black,Maize,92.36,57.61,42.57,17-17-17
38.15,46.36,43.74,Red,Sugarcane,18.91,28.58,14.89,20-20
25.61,64.92,32.92,Sandy,Watermelon,33.39,14.45,9.5,17-17-17
27.47,40.3,57.81,Red,Oil seeds,21.2,26.79,9.92,DAP
24.56,54.58,55.12,Clayey,Pulses,49.95,33.34,51.47,14-35-14
23.03,70.61,38.59,Loamy,Ground Nuts,71.07,36.56,39.79,20-20
29.04,65.41,31.34,Sandy,Watermelon,14.77,8.82,12.68,17-17-17
29.68,40.93,43.17,Black,Ground Nuts,57.04,42.91,64.15,17-17-17
25.0,62.14,45.93,Black,Oil seeds,53.71,43.58,64.94,17-17-17
25.72,54.41,72.73,Red,Maize,24.58,28.65,19.43,DAP
33.07,28.8,25.74,Black,Oil seeds,59.73,50.8,77.42,17-17-17
24.42,49.03,41.27,Black,Maize,86.71,58.14,29.51,17-17-17
28.88,54.48,63.71,Red,Sugarcane,20.16,20.26,24.69,20-20
24.88,39.5,46.53,Clayey,Cotton,48.62,54.93,47.39,17-17-17
20.32,74.81,41.72,Red,Tobacco,25.04,12.92,30.37,10-26-26
31.03,37.93,43.55,Sandy,Wheat,17.98,7.07,15.07,Urea
26.63,53.29,40.82,Black,Ground Nuts,76.13,44.92,53.55,17-17-17
24.27,46.47,31.11,Clayey,Rice,74.04,47.46,48.93,Urea
25.56,66.69,62.56,Black,Pulses,66.78,34.51,62.19,17-17-17
26.36,23.64,25.58,Sandy,Ground Nuts,14.48,10.82,15.25,10-26-26
23.55,55.86,28.67,Sandy,Millets,27.64,8.33,22.53,Urea
35.78,43.43,31.84,Sandy,Ground Nuts,21.78,11.29,24.09,10-26-26
26.62,68.86,46.32,Red,Wheat,43.96,12.73,17.6,28-28
27.36,71.3,23.34,Black,Rice,63.8,49.09,42.67,Urea
27.3,72.43,38.59,Red,Sugarcane,9.28,10.45,28.49,20-20
30.95,40.15,77.39,Black,Wheat,55.41,43.52,68.58,17-17-17
25.97,67.13,57.99,Black,Cotton,86.28,35.14,52.81,DAP
26.03,71.24,70.45,Clayey,Ground Nuts,72.13,40.23,59.33,14-35-14
26.5,64.24,63.21,Red,Tobacco,36.69,16.73,18.77,10-26-26
32.0,69.29,24.28,Red,Tobacco,35.6,23.73,22.41,10-26-26
33.47,82.79,57.09,Loamy,Cotton,55.5,26.74,44.79,14-35-14
31.39,100.0,61.32,Sandy,Sugarcane,21.28,16.13,22.36,10-26-26
37.42,57.12,49.24,Black,Barley,40.6,50.41,64.71,17-17-17
32.59,47.44,65.64,Clayey,Ground Nuts,76.37,47.0,42.02,14-35-14
24.83,60.8,25.32,Red,Millets,26.45,35.08,18.2,28-28
26.29,90.18,53.93,Sandy,Tobacco,28.07,10.24,23.71,10-26-26
26.28,48.22,44.81,Loamy,Pulses,54.78,29.9,31.98,20-20
27.24,74.51,24.92,Loamy,Maize,39.16,42.37,31.22,20-20
27.91,79.01,25.04,Clayey,Pulses,53.81,49.55,60.03,14-35-14
31.73,44.68,31.3,Black,Oil seeds,70.1,50.39,53.31,17-17-17
34.06,33.87,49.44,Black,Oil seeds,59.01,34.21,36.59,17-17-17
27.06,76.78,64.12,Sandy,Watermelon,13.43,10.71,12.44,17-17-17
31.15,74.87,60.41,Black,Ground Nuts,73.52,40.74,47.32,17-17-17
22.98,63.11,46.04,Black,Ground Nuts,69.0,40.78,35.5,17-17-17
25.73,81.81,42.37,Red,Tobacco,17.85,23.0,16.34,10-26-26
26.37,80.63,25.23,Loamy,Watermelon,49.16,28.17,34.88,14-35-14
31.19,23.16,16.55,Red,Tobacco,33.12,13.61,9.22,10-26-26
35.08,83.83,47.69,Sandy,Watermelon,15.78,20.03,9.21,17-17-17
33.16,42.91,54.21,Red,Pulses,41.2,8.88,23.78,10-26-26
27.13,76.2,36.28,Loamy,Millets,58.96,38.12,17.75,DAP
31.91,80.4,23.49,Clayey,Tobacco,51.37,44.19,45.8,14-35-14
25.29,82.07,36.35,Red,Ground Nuts,27.56,17.49,32.19,DAP
26.83,86.12,35.88,Black,Ground Nuts,61.37,38.56,57.63,17-17-17
19.02,72.58,39.0,Clayey,Rice,39.76,48.82,48.35,Urea
26.17,51.2,46.65,Red,Barley,52.24,21.45,30.43,20-20
36.1,72.99,51.59,Red,Sugarcane,14.53,17.17,22.58,20-20
30.13,70.31,33.7,Sandy,Wheat,14.22,13.22,8.48,Urea
30.32,54.05,49.48,Clayey,Maize,60.72,30.27,34.32,28-28
24.35,55.29,47.87,Clayey,Oil seeds,63.23,55.96,43.2,14-35-14
22.47,74.72,66.75,Clayey,Millets,52.69,45.23,29.81,17-17-17
31.58,79.56,34.09,Black,Maize,84.38,52.48,48.55,17-17-17
27.66,64.29,52.63,Loamy,Pulses,50.26,38.59,40.13,20-20
32.28,61.58,38.03,Sandy,Pulses,17.34,18.25,3.93,DAP
30.77,97.11,71.31,Loamy,Barley,63.17,56.19,37.82,DAP
35.02,67.4,33.44,Clayey,Millets,51.56,44.38,45.74,17-17-17
26.17,52.29,51.69,Red,Tobacco,34.89,21.87,11.11,10-26-26
25.81,67.54,10.64,Sandy,Millets,13.68,8.5,4.51,Urea
20.07,79.59,50.69,Sandy,Paddy,21.19,11.98,17.62,Urea
21.33,67.92,46.88,Clayey,Tobacco,50.3,64.7,41.82,14-35-14
35.7,56.35,37.82,Black,Rice,64.85,35.04,44.82,Urea
32.31,51.57,50.07,Sandy,Barley,37.33,7.75,14.17,Urea
18.31,64.24,43.55,Loamy,Barley,45.92,36.19,35.93,DAP
29.03,35.1,71.66,Red,Millets,20.34,32.11,21.24,28-28
38.35,35.82,27.25,Red,Barley,31.9,23.48,26.06,20-20
21.95,87.89,32.59,Black,Ground Nuts,78.03,65.77,68.49,17-17-17
29.19,43.95,65.29,Clayey,Barley,76.31,42.97,38.42,28-28
25.71,51.76,39.96,Black,Rice,87.84,52.42,58.15,Urea
24.22,62.23,43.33,Red,Sugarcane,22.96,23.48,7.42,20-20
29.88,77.14,46.7,Red,Ground Nuts,43.04,15.83,16.51,DAP
25.39,79.48,31.03,Sandy,Paddy,20.6,15.64,11.27,Urea
23.47,33.67,53.11,Black,Sugarcane,71.38,48.6,41.54,Urea
18.24,58.57,45.04,Clayey,Tobacco,58.96,43.23,47.5,14-35-14
26.91,67.9,37.84,Red,Rice,30.86,27.92,14.02,DAP
33.29,69.48,51.49,Clayey,Tobacco,61.03,42.57,25.3,14-35-14
22.33,26.88,34.37,Red,Ground Nuts,30.78,27.15,13.23,DAP
37.07,53.28,76.94,Clayey,Oil seeds,66.48,66.97,54.81,14-35-14
26.76,36.9,55.74,Loamy,Sugarcane,40.73,54.91,37.97,17-17-17
30.62,43.32,37.61,Red,Maize,46.94,14.36,27.73,DAP
26.55,79.55,46.61,Black,Ground Nuts,80.12,52.59,35.17,17-17-17
34.25,62.45,62.24,Clayey,Tobacco,73.23,44.79,60.04,14-35-14
27.93,43.73,31.24,Red,Sugarcane,17.37,21.16,21.18,20-20
20.02,48.59,43.1,Clayey,Oil seeds,83.91,44.0,48.77,14-35-14
28.34,73.91,45.26,Clayey,Wheat,65.71,44.22,49.16,14-35-14
25.39,85.85,25.52,Loamy,Maize,50.16,50.03,41.89,20-20
30.53,70.12,57.01,Black,Pulses,61.33,53.64,48.81,17-17-17
24.39,72.68,62.27,Black,Oil seeds,79.8,54.02,45.74,17-17-17
27.01,54.02,36.27,Loamy,Barley,48.8,36.32,44.42,DAP
24.7,44.75,37.42,Black,Paddy,76.93,55.49,37.71,Urea
34.73,48.92,31.24,Red,Wheat,21.8,11.22,20.05,28-28
23.78,33.84,47.35,Loamy,Ground Nuts,56.68,48.13,40.65,20-20
31.75,90.67,42.64,Loamy,Maize,63.28,46.13,35.79,20-20
24.06,40.18,48.76,Red,Oil seeds,35.41,18.77,27.13,DAP
31.09,49.95,55.7,Clayey,Cotton,44.43,37.74,51.94,17-17-17
35.05,94.48,39.56,Black,Rice,70.99,44.83,60.65,Urea
32.91,79.44,38.0,Sandy,Rice,16.46,8.78,22.32,Urea
31.4,84.16,15.65,Red,Maize,25.2,20.94,14.79,DAP
25.05,67.27,33.55,Loamy,Rice,59.2,35.21,52.44,Urea
31.26,79.12,57.7,Loamy,Paddy,38.11,38.59,34.42,Urea
23.49,67.59,43.7,Sandy,Rice,18.59,20.36,0.0,Urea
28.25,63.65,58.92,Loamy,Ground Nuts,47.22,42.74,48.02,20-20
26.96,44.97,36.69,Black,Ground Nuts,72.59,44.55,54.29,17-17-17
27.93,58.76,34.06,Clayey,Wheat,58.93,39.49,37.24,14-35-14
24.45,58.23,26.23,Black,Oil seeds,57.94,42.12,48.88,17-17-17
30.45,80.0,63.87,Sandy,Tobacco,19.26,13.11,13.47,10-26-26
24.13,61.98,43.28,Clayey,Millets,42.78,55.69,25.67,17-17-17
28.93,68.56,30.17,Loamy,Paddy,65.75,37.64,30.5,Urea
28.91,35.08,46.74,Loamy,Watermelon,58.91,40.86,45.31,14-35-14
24.2,56.98,41.56,Loamy,Maize,54.81,46.13,55.08,20-20
22.31,50.78,53.53,Red,Watermelon,30.56,14.93,16.59,20-20
36.06,58.68,41.85,Loamy,Maize,68.04,38.67,33.23,20-20
27.36,32.21,53.96,Sandy,Cotton,0.0,6.22,12.55,14-35-14
22.22,58.74,58.44,Red,Ground Nuts,33.24,24.98,20.78,DAP
34.56,55.08,68.53,Loamy,Rice,56.93,35.74,23.11,Urea
29.95,41.02,61.38,Red,Barley,24.66,18.16,19.96,20-20
25.66,60.32,68.29,Sandy,Cotton,3.64,11.66,20.05,14-35-14
25.77,44.88,46.09,Black,Wheat,76.16,79.12,48.47,17-17-17
27.9,31.56,30.49,Loamy,Sugarcane,56.72,45.92,35.82,17-17-17
22.69,86.96,42.65,Clayey,Rice,84.83,63.87,55.75,Urea
33.98,71.47,50.16,Red,Paddy,19.27,13.4,20.54,DAP
28.02,32.62,70.72,Clayey,Pulses,53.62,52.11,51.71,14-35-14
25.88,72.92,44.84,Red,Pulses,32.03,27.37,8.3,10-26-26
38.15,76.89,41.4,Black,Paddy,64.93,37.61,33.58,Urea
25.24,37.4,47.19,Loamy,Rice,31.63,51.12,39.11,Urea
22.18,78.06,39.06,Sandy,Oil seeds,20.7,20.38,17.26,20-20
28.23,40.24,43.35,Clayey,Oil seeds,66.99,53.86,50.78,14-35-14
29.97,64.42,69.98,Red,Barley,36.51,27.87,9.45,20-20
24.09,62.61,67.24,Black,Wheat,78.75,61.22,58.02,17-17-17
39.13,63.53,43.35,Black,Wheat,50.53,46.26,58.91,17-17-17
22.51,90.53,32.41,Black,Tobacco,65.99,56.21,55.97,17-17-17
30.34,44.81,48.35,Sandy,Ground Nuts,31.66,20.03,19.82,10-26-26
34.77,69.41,50.33,Loamy,Watermelon,64.76,57.68,42.75,14-35-14
25.64,69.16,80.89,Black,Maize,52.68,68.58,52.89,17-17-17
23.66,51.09,23.39,Black,Pulses,68.77,57.91,50.16,17-17-17
27.6,61.53,38.94,Red,Pulses,26.57,7.19,27.75,10-26-26
32.04,71.82,51.92,Red,Barley,20.31,16.57,20.19,20-20
27.84,58.27,42.9,Loamy,Sugarcane,52.24,36.68,27.92,17-17-17
35.27,76.98,30.12,Black,Barley,68.04,47.48,40.75,17-17-17
28.7,72.72,41.19,Red,Cotton,33.59,35.6,30.88,28-28
24.49,10.0,70.56,Clayey,Maize,66.58,45.55,60.35,28-28
22.89,63.71,71.54,Sandy,Cotton,22.57,13.92,16.96,14-35-14
36.95,58.73,69.35,Red,Tobacco,26.05,18.43,15.07,10-26-26
29.05,14.92,63.45,Sandy,Rice,14.97,13.01,9.12,Urea
20.07,72.0,50.34,Loamy,Ground Nuts,56.24,37.06,29.33,20-20
35.87,76.1,50.09,Clayey,Tobacco,67.52,34.85,40.24,14-35-14
35.52,59.85,49.45,Clayey,Barley,71.38,42.88,45.28,28-28
28.94,37.38,33.87,Red,Barley,15.45,15.84,26.96,20-20
27.22,59.71,40.45,Black,Millets,65.61,34.09,41.78,20-20
19.12,69.72,66.15,Loamy,Ground Nuts,58.47,50.25,45.3,20-20
30.57,54.26,25.3,Loamy,Ground Nuts,27.42,14.2,34.81,20-20
30.49,53.45,33.0,Loamy,Maize,70.92,34.45,32.34,20-20
31.39,54.76,48.3,Red,Cotton,13.01,33.39,31.78,28-28
35.03,48.12,48.21,Black,Sugarcane,58.58,49.07,57.59,Urea
32.39,68.84,37.4,Sandy,Sugarcane,29.8,19.8,28.16,10-26-26
18.21,49.98,47.9,Loamy,Rice,50.87,30.2,36.25,Urea
32.25,66.25,35.04,Clayey,Maize,40.42,43.88,47.93,28-28
22.3,23.13,30.29,Black,Rice,79.24,45.61,65.06,Urea
25.89,43.9,25.93,Red,Oil seeds,15.62,24.32,15.35,DAP
21.48,81.07,20.92,Red,Cotton,35.88,14.06,20.92,28-28
29.71,51.18,63.99,Black,Ground Nuts,80.64,44.7,38.63,17-17-17
27.49,58.53,57.15,Sandy,Paddy,33.88,13.63,8.58,Urea
26.5,62.92,47.17,Red,Watermelon,36.39,37.68,16.11,20-20
21.12,56.92,39.79,Clayey,Pulses,45.86,32.43,53.36,14-35-14
28.52,52.84,54.04,Loamy,Pulses,43.06,48.98,27.89,20-20
16.92,27.68,32.41,Red,Ground Nuts,44.36,20.48,8.35,DAP
35.95,64.1,66.11,Sandy,Watermelon,23.93,10.19,10.01,17-17-17
31.62,70.2,59.36,Loamy,Watermelon,49.14,32.0,32.45,14-35-14
37.68,49.61,52.63,Sandy,Wheat,17.05,10.79,17.99,Urea
26.37,77.54,42.11,Sandy,Tobacco,25.32,3.89,9.07,10-26-26
29.21,57.19,57.49,Loamy,Sugarcane,60.75,42.64,31.46,17-17-17
27.68,42.68,45.36,Black,Paddy,83.39,33.54,46.01,Urea
30.47,66.27,51.01,Clayey,Barley,56.3,38.1,36.66,28-28
27.45,63.01,53.17,Loamy,Ground Nuts,48.59,52.14,12.44,20-20
26.38,49.7,52.13,Black,Paddy,54.72,60.29,55.93,Urea
29.41,46.12,30.62,Loamy,Tobacco,61.38,46.84,33.69,20-20
31.61,38.24,52.73,Sandy,Pulses,9.0,17.84,21.83,DAP
36.55,89.09,57.79,Black,Paddy,73.6,42.82,52.63,Urea
33.76,58.19,36.5,Sandy,Cotton,7.71,5.3,30.96,14-35-14
34.87,51.02,18.89,Loamy,Rice,54.05,46.46,25.2,Urea
27.39,46.37,54.06,Clayey,Wheat,62.81,29.7,63.33,14-35-14
25.02,66.34,41.77,Loamy,Paddy,42.98,53.62,44.67,Urea
25.19,32.43,54.21,Red,Wheat,20.84,11.3,29.12,28-28
28.68,48.97,87.88,Clayey,Watermelon,56.58,48.54,57.55,10-26-26
28.14,59.29,21.27,Clayey,Barley,79.48,38.46,55.25,28-28
23.8,52.17,59.58,Sandy,Millets,22.32,14.02,6.04,Urea
24.92,54.37,40.23,Red,Millets,30.21,9.92,21.85,28-28
35.84,66.34,35.56,Red,Barley,18.97,14.79,19.65,20-20
23.48,55.04,51.33,Clayey,Rice,51.82,45.39,31.02,Urea
25.37,78.75,30.99,Sandy,Oil seeds,17.12,11.3,22.16,20-20
30.43,46.48,33.48,Black,Wheat,69.13,42.99,42.62,17-17-17
32.25,60.97,36.36,Sandy,Tobacco,12.45,9.16,20.57,10-26-26
32.22,76.53,52.38,Red,Wheat,21.97,41.78,14.15,28-28
24.95,51.42,40.38,Sandy,Wheat,31.14,12.95,30.1,Urea
26.72,17.08,50.79,Black,Oil seeds,65.69,45.38,47.91,17-17-17
20.57,50.41,29.11,Sandy,Maize,3.93,14.8,18.41,DAP
22.73,48.63,51.86,Sandy,Sugarcane,19.88,16.09,14.84,10-26-26
29.19,67.26,46.86,Loamy,Ground Nuts,43.38,37.49,30.42,20-20
28.3,27.91,43.96,Loamy,Pulses,62.28,41.57,58.52,20-20
27.89,58.05,88.34,Loamy,Ground Nuts,48.06,32.11,40.81,20-20
34.59,40.47,46.62,Red,Watermelon,26.63,7.17,1.87,20-20
25.34,68.33,32.55,Black,Cotton,73.62,52.24,64.78,DAP
30.06,58.22,72.08,Sandy,Wheat,23.56,9.88,14.7,Urea
35.24,64.87,40.28,Black,Millets,98.21,51.52,48.33,20-20
27.64,68.17,51.04,Clayey,Wheat,61.72,38.52,50.35,14-35-14
25.88,64.4,72.39,Loamy,Barley,54.91,31.36,28.74,DAP
24.99,31.49,63.31,Sandy,Rice,26.47,12.15,20.59,Urea
33.74,44.76,45.93,Clayey,Rice,52.65,47.01,36.9,Urea
28.79,100.0,53.32,Loamy,Wheat,63.51,52.91,43.99,DAP
29.29,42.09,59.94,Clayey,Barley,71.89,46.25,58.33,28-28
26.41,48.28,41.1,Clayey,Rice,41.48,38.21,52.84,Urea
19.19,71.58,55.16,Loamy,Maize,52.01,30.87,35.73,20-20
29.75,93.31,42.38,Red,Maize,26.42,8.13,29.12,DAP
31.26,62.9,41.88,Loamy,Wheat,62.58,52.46,36.9,DAP
34.53,74.88,67.51,Clayey,Maize,48.47,47.49,39.39,28-28
19.29,69.64,41.87,Loamy,Cotton,42.09,54.25,38.61,14-35-14
30.77,93.74,31.39,Loamy,Tobacco,35.55,45.38,33.02,20-20
35.41,56.74,41.92,Clayey,Millets,50.22,37.66,40.8,17-17-17
16.7,84.26,60.72,Black,Oil seeds,69.57,66.35,51.32,17-17-17
26.2,43.05,75.04,Red,Cotton,36.9,21.94,18.93,28-28
29.48,79.39,63.01,Red,Maize,29.77,41.48,13.09,DAP
32.54,36.57,64.45,Black,Sugarcane,40.0,42.8,42.35,Urea
26.03,83.33,44.18,Red,Millets,26.79,4.7,24.13,28-28
26.82,49.6,48.32,Black,Pulses,80.56,41.19,73.06,17-17-17
30.8,46.53,46.05,Red,Sugarcane,41.65,1.65,1.19,20-20
29.24,36.74,47.36,Loamy,Pulses,63.56,61.47,21.7,20-20
22.88,47.67,45.7,Black,Pulses,35.58,60.12,67.54,17-17-17
31.28,62.03,31.29,Sandy,Rice,25.35,13.13,12.95,Urea
33.05,63.89,38.2,Loamy,Cotton,39.34,50.48,34.61,14-35-14
32.62,44.29,55.87,Loamy,Paddy,52.3,42.62,30.96,Urea
22.28,84.5,27.8,Sandy,Ground Nuts,28.84,15.19,22.12,10-26-26
33.33,76.93,49.66,Red,Cotton,24.51,20.77,28.37,28-28
21.48,66.62,23.49,Sandy,Barley,12.72,10.12,19.17,Urea
34.64,60.09,74.23,Sandy,Sugarcane,16.46,9.39,12.65,10-26-26
30.94,35.98,54.79,Loamy,Oil seeds,62.81,42.95,39.41,10-26-26
29.08,74.58,40.52,Sandy,Ground Nuts,18.26,20.37,8.98,10-26-26
24.38,79.93,79.16,Red,Sugarcane,47.34,9.55,17.13,20-20
19.23,76.39,49.42,Sandy,Wheat,13.44,7.31,19.39,Urea
26.5,68.73,48.78,Clayey,Cotton,71.85,41.92,39.84,17-17-17
32.88,41.53,39.02,Sandy,Ground Nuts,14.25,13.7,10.41,10-26-26
24.68,35.8,38.33,Black,Sugarcane,87.85,47.7,58.73,Urea
20.95,34.37,60.16,Sandy,Watermelon,7.02,12.13,17.05,17-17-17
30.17,73.01,32.01,Clayey,Cotton,42.82,58.68,42.79,17-17-17
31.37,55.87,40.08,Red,Sugarcane,38.22,16.07,22.14,20-20
32.13,57.13,62.39,Clayey,Maize,67.4,38.6,55.73,28-28
34.65,62.93,59.89,Black,Pulses,63.03,51.32,58.54,17-17-17
18.48,79.66,57.04,Black,Ground Nuts,77.29,54.73,60.62,17-17-17
27.09,45.17,19.27,Sandy,Watermelon,13.64,8.6,10.45,17-17-17
20.38,57.99,32.09,Sandy,Pulses,26.25,12.71,13.71,DAP
37.57,77.35,47.31,Sandy,Pulses,13.63,14.39,19.96,DAP
28.6,51.69,41.85,Red,Pulses,19.64,43.16,18.5,10-26-26
32.29,55.13,30.3,Sandy,Ground Nuts,22.92,3.93,11.84,10-26-26
21.34,78.8,43.32,Red,Maize,45.01,9.81,25.96,DAP
31.09,70.21,49.44,Red,Paddy,32.13,12.48,13.04,DAP
33.14,63.17,51.29,Sandy,Cotton,8.82,17.51,3.78,14-35-14
34.83,52.51,39.15,Sandy,Paddy,28.18,17.81,23.05,Urea
24.04,49.31,43.83,Sandy,Tobacco,18.38,8.63,13.07,10-26-26
26.2,41.92,30.15,Black,Rice,77.94,56.35,35.74,Urea
17.97,87.35,54.87,Black,Sugarcane,85.65,44.18,38.32,Urea
27.38,44.99,39.07,Black,Tobacco,73.02,43.02,54.88,17-17-17
28.16,68.11,63.33,Black,Paddy,55.81,53.6,26.12,Urea
26.01,48.68,52.49,Loamy,Oil seeds,40.68,31.5,40.24,10-26-26
26.08,47.49,43.25,Loamy,Tobacco,47.56,28.71,63.85,20-20
21.99,79.75,57.61,Red,Millets,27.65,21.09,19.54,28-28
22.8,69.4,37.0,Red,Barley,20.06,21.01,29.47,20-20
15.16,67.58,60.68,Loamy,Barley,64.3,43.68,28.61,DAP
31.66,89.79,65.12,Loamy,Paddy,55.34,18.08,46.25,Urea
16.34,52.49,62.93,Clayey,Rice,52.48,44.77,40.52,Urea
23.96,32.04,78.67,Sandy,Wheat,34.63,11.12,28.39,Urea
27.71,44.71,46.38,Red,Barley,35.66,24.72,15.66,20-20
27.65,47.71,63.81,Black,Tobacco,52.93,62.67,42.55,17-17-17
28.68,43.56,29.84,Loamy,Wheat,44.96,41.58,52.51,DAP
25.98,67.56,56.87,Sandy,Cotton,5.76,3.84,17.05,14-35-14
24.53,32.47,62.57,Red,Millets,35.28,5.45,23.91,28-28
31.45,66.11,40.45,Red,Rice,35.92,40.96,20.08,DAP
33.51,86.9,41.38,Clayey,Sugarcane,57.29,45.78,56.62,14-35-14
30.08,82.79,41.38,Clayey,Millets,59.01,47.69,40.39,17-17-17
34.31,69.27,62.39,Red,Barley,30.36,13.35,19.42,20-20
29.46,64.91,47.32,Sandy,Maize,24.27,11.05,6.27,DAP
22.27,42.77,33.74,Sandy,Cotton,9.03,1.59,21.05,14-35-14
36.69,65.86,43.39,Red,Rice,28.51,0.63,21.98,DAP
22.8,51.26,49.59,Black,Oil seeds,83.93,41.75,34.98,17-17-17
24.78,63.92,40.04,Loamy,Paddy,51.95,41.48,47.37,Urea
24.25,53.93,62.66,Red,Pulses,35.52,21.21,27.2,10-26-26
41.23,46.54,25.32,Loamy,Sugarcane,62.45,25.96,50.4,17-17-17
19.46,51.24,90.0,Red,Rice,20.96,25.2,13.47,DAP
28.08,44.57,52.2,Clayey,Paddy,64.32,39.68,58.21,Urea
26.0,47.89,40.0,Sandy,Oil seeds,22.35,13.8,4.61,20-20
30.09,73.91,8.28,Loamy,Pulses,47.69,48.15,17.71,20-20
29.06,76.37,43.34,Clayey,Tobacco,48.72,39.98,50.64,14-35-14
23.88,73.23,43.33,Loamy,Pulses,62.06,34.09,42.05,20-20
27.81,64.89,57.82,Black,Maize,77.49,55.32,61.45,17-17-17
18.35,77.23,45.85,Clayey,Oil seeds,64.86,63.89,28.83,14-35-14
32.01,74.38,24.65,Sandy,Millets,11.35,15.16,24.39,Urea
32.89,60.56,40.9,Clayey,Paddy,61.26,63.73,33.22,Urea
19.74,37.98,20.18,Red,Oil seeds,32.7,27.11,17.98,DAP
23.98,84.02,71.96,Black,Tobacco,60.21,47.79,41.51,17-17-17
26.62,69.72,59.06,Sandy,Paddy,38.55,14.98,5.01,Urea
24.4,77.26,48.05,Sandy,Paddy,19.84,21.17,18.66,Urea
28.32,60.55,70.29,Clayey,Maize,80.98,38.61,50.97,28-28
36.4,54.0,11.81,Clayey,Pulses,59.37,43.98,33.31,14-35-14
32.57,63.83,56.94,Black,Watermelon,63.96,35.06,41.35,DAP
23.55,67.8,30.22,Black,Ground Nuts,46.56,52.88,35.06,17-17-17
28.07,54.14,47.83,Loamy,Rice,44.16,28.75,51.42,Urea
32.61,81.16,63.22,Loamy,Wheat,35.81,39.12,35.93,DAP
34.76,84.08,56.93,Black,Ground Nuts,73.26,50.93,59.48,17-17-17
34.02,37.07,53.39,Clayey,Wheat,65.4,41.07,40.67,14-35-14
22.89,79.07,42.25,Red,Sugarcane,29.97,12.33,36.84,20-20
22.37,63.23,56.5,Red,Ground Nuts,23.02,16.68,12.37,DAP
39.97,43.42,39.65,Loamy,Oil seeds,58.75,32.85,48.35,10-26-26
26.86,30.29,29.18,Black,Millets,87.34,31.08,44.99,20-20
34.88,52.63,27.56,Red,Rice,14.87,12.46,13.67,DAP
27.66,72.47,44.58,Loamy,Pulses,45.63,29.89,36.29,20-20
33.68,58.5,50.96,Clayey,Watermelon,60.48,44.91,51.13,10-26-26
25.42,49.84,37.84,Loamy,Maize,49.79,47.08,44.57,20-20
29.24,73.68,15.56,Black,Rice,54.27,48.04,70.14,Urea
25.33,47.97,46.42,Loamy,Tobacco,31.98,41.04,24.09,20-20
33.82,49.43,35.98,Sandy,Oil seeds,26.38,12.26,13.69,20-20
28.31,66.04,26.94,Sandy,Pulses,21.61,15.02,12.87,DAP
30.86,45.55,73.95,Loamy,Millets,70.05,50.04,44.25,DAP
30.14,94.69,54.9,Black,Watermelon,63.66,45.1,53.44,DAP
17.55,58.24,59.77,Loamy,Ground Nuts,43.11,41.84,57.51,20-20
27.24,58.58,52.85,Black,Cotton,52.59,72.95,40.53,DAP
30.8,51.02,61.63,Black,Ground Nuts,80.85,68.09,39.93,17-17-17
27.85,90.73,57.78,Clayey,Ground Nuts,55.83,61.1,41.71,14-35-14
25.16,62.96,55.31,Black,Paddy,73.15,41.91,57.83,Urea
20.53,83.01,47.72,Black,Ground Nuts,58.66,42.89,60.69,17-17-17
27.0,58.79,61.23,Red,Maize,17.68,24.12,31.78,DAP
42.22,76.31,49.73,Black,Oil seeds,57.24,51.7,54.15,17-17-17
26.9,54.35,24.99,Sandy,Paddy,13.94,10.4,11.44,Urea
29.52,51.95,41.54,Loamy,Rice,59.8,30.27,22.91,Urea
17.85,88.18,53.01,Loamy,Oil seeds,55.5,45.47,28.59,10-26-26
34.54,51.42,71.44,Sandy,Cotton,28.91,10.48,0.0,14-35-14
36.03,76.79,37.3,Clayey,Cotton,70.88,52.25,35.13,17-17-17
23.25,71.37,74.86,Loamy,Barley,72.61,34.48,54.98,DAP
27.67,59.8,28.4,Clayey,Cotton,51.62,52.82,32.87,17-17-17
33.04,67.82,72.02,Black,Cotton,84.28,29.87,58.13,DAP
30.52,58.81,40.12,Red,Ground Nuts,49.77,16.89,11.34,DAP
33.55,69.89,31.14,Red,Rice,36.6,5.0,28.45,DAP
35.9,60.3,57.14,Sandy,Pulses,18.7,15.62,16.57,DAP
26.83,65.56,41.08,Sandy,Cotton,23.56,10.09,12.11,14-35-14
39.4,80.3,57.74,Clayey,Sugarcane,77.78,29.85,52.81,14-35-14
25.91,66.84,49.07,Clayey,Oil seeds,71.42,36.83,48.42,14-35-14
33.57,57.65,64.36,Black,Paddy,73.06,50.74,57.57,Urea
18.16,56.31,34.69,Loamy,Oil seeds,44.21,41.44,36.22,10-26-26
29.01,66.78,45.6,Red,Maize,32.5,9.21,10.61,DAP
19.84,59.7,36.85,Red,Ground Nuts,17.87,33.17,26.86,DAP
23.83,60.95,61.65,Black,Tobacco,77.39,56.68,51.73,17-17-17
27.77,47.11,22.19,Sandy,Sugarcane,10.83,6.13,10.67,10-26-26
17.65,40.15,59.09,Sandy,Ground Nuts,12.35,14.29,13.84,10-26-26
21.62,24.88,63.56,Sandy,Maize,23.83,16.55,7.6,DAP
30.04,46.23,50.96,Sandy,Rice,14.42,7.1,17.29,Urea
36.51,63.36,56.83,Sandy,Rice,16.34,7.97,7.34,Urea
25.01,60.27,33.32,Black,Sugarcane,81.15,46.41,48.76,Urea
29.88,50.73,43.22,Loamy,Paddy,50.74,38.34,43.68,Urea
32.16,56.68,49.29,Black,Millets,62.03,54.29,30.94,20-20
29.24,51.88,62.62,Clayey,Ground Nuts,62.85,47.32,53.2,14-35-14
33.46,58.03,27.07,Black,Cotton,84.16,51.23,39.77,DAP
29.15,61.19,50.17,Clayey,Cotton,51.44,46.69,45.9,17-17-17
23.84,72.37,62.24,Clayey,Sugarcane,53.0,48.27,38.06,14-35-14
19.53,26.87,51.39,Sandy,Watermelon,21.87,2.46,10.14,17-17-17
32.0,62.7,34.89,Loamy,Maize,48.16,61.56,31.33,20-20
24.51,71.05,27.64,Black,Tobacco,78.91,39.16,39.39,17-17-17
31.85,84.58,48.62,Sandy,Pulses,38.28,13.31,28.04,DAP
33.58,65.41,57.29,Clayey,Watermelon,59.31,56.95,51.95,10-26-26
33.15,50.16,44.84,Black,Watermelon,68.66,51.84,58.31,DAP
28.62,53.36,59.71,Loamy,Pulses,58.14,33.88,40.38,20-20
27.74,59.37,39.97,Clayey,Barley,52.4,39.52,49.56,28-28
26.82,44.93,49.94,Loamy,Maize,51.14,36.38,39.59,20-20
27.24,35.5,72.49,Clayey,Ground Nuts,69.1,54.48,44.63,14-35-14
31.09,76.81,24.09,Black,Wheat,61.7,48.99,39.42,17-17-17
20.73,43.92,68.45,Loamy,Barley,46.11,43.28,40.98,DAP
21.6,47.16,31.71,Loamy,Ground Nuts,53.43,35.27,28.19,20-20
25.81,50.06,38.9,Loamy,Paddy,63.09,45.1,50.34,Urea
33.03,72.77,34.89,Black,Barley,79.96,59.59,46.19,17-17-17
28.01,70.93,61.65,Black,Cotton,81.87,43.53,34.75,DAP
25.39,36.79,26.86,Red,Rice,28.75,6.07,36.57,DAP
20.77,47.88,60.19,Loamy,Rice,57.35,25.75,41.79,Urea
25.17,30.11,34.38,Loamy,Tobacco,57.22,53.76,36.33,20-20
33.64,44.13,28.29,Black,Millets,90.9,40.95,55.34,20-20
18.86,45.99,40.34,Clayey,Sugarcane,62.31,66.99,55.5,14-35-14
21.7,56.26,31.53,Clayey,Ground Nuts,68.21,54.44,44.07,14-35-14
26.58,49.2,51.03,Clayey,Cotton,60.25,40.41,43.98,17-17-17
31.77,87.4,51.26,Sandy,Oil seeds,13.29,10.06,7.14,20-20
22.37,79.45,45.93,Clayey,Cotton,44.32,44.1,48.35,17-17-17
22.23,72.83,48.96,Loamy,Cotton,59.11,24.74,59.17,14-35-14
20.32,76.31,35.64,Clayey,Sugarcane,68.05,55.73,48.08,14-35-14
29.23,63.19,40.76,Loamy,Oil seeds,33.78,56.38,29.45,10-26-26
39.18,40.06,40.73,Clayey,Maize,62.03,48.57,30.89,28-28
39.7,39.7,55.09,Red,Ground Nuts,29.78,18.53,20.65,DAP
34.59,52.72,34.45,Red,Cotton,18.8,21.37,14.68,28-28
34.23,46.58,49.6,Loamy,Pulses,62.02,36.7,40.93,20-20
32.98,49.07,77.23,Sandy,Sugarcane,22.24,6.68,21.1,10-26-26
22.69,59.68,28.97,Red,Watermelon,29.34,20.13,21.56,20-20
26.9,60.95,39.42,Red,Oil seeds,29.83,24.73,25.47,DAP
24.96,73.38,48.27,Loamy,Cotton,69.52,45.56,42.78,14-35-14
27.24,56.97,32.73,Sandy,Oil seeds,10.18,8.24,9.44,20-20
29.57,50.97,49.1,Black,Ground Nuts,73.53,44.6,32.83,17-17-17
25.02,47.25,56.2,Clayey,Maize,50.38,31.45,60.48,28-28
18.54,33.06,21.25,Clayey,Rice,69.81,44.6,51.69,Urea
21.0,61.16,45.69,Sandy,Watermelon,2.67,1.28,10.18,17-17-17
33.73,45.4,60.11,Loamy,Paddy,82.64,52.59,25.21,Urea
35.4,44.99,37.1,Sandy,Ground Nuts,12.9,10.22,9.84,10-26-26
30.12,67.75,64.25,Clayey,Rice,57.87,33.71,51.32,Urea
19.29,70.06,16.04,Red,Paddy,23.75,7.73,21.23,DAP
35.43,43.12,52.28,Loamy,Oil seeds,24.45,40.08,43.89,10-26-26
27.75,44.03,19.08,Clayey,Sugarcane,71.22,30.49,64.8,14-35-14
32.61,46.05,56.11,Red,Tobacco,37.87,20.75,15.78,10-26-26
21.79,54.86,48.81,Clayey,Millets,71.1,35.29,38.32,17-17-17
29.42,74.71,22.74,Clayey,Rice,65.34,41.66,48.38,Urea
29.92,55.72,54.63,Sandy,Pulses,22.89,10.91,16.92,DAP
31.6,74.14,63.32,Black,Sugarcane,68.09,43.58,49.74,Urea
30.16,67.96,28.85,Black,Millets,79.69,68.22,46.91,20-20
20.38,49.28,34.82,Loamy,Watermelon,51.34,24.74,53.93,14-35-14
28.5,94.83,21.03,Loamy,Rice,49.42,35.02,60.98,Urea
32.17,41.32,43.75,Black,Millets,84.5,61.38,50.85,20-20
34.59,49.16,30.57,Red,Paddy,23.46,15.61,36.0,DAP
31.59,74.94,33.65,Black,Sugarcane,57.44,61.86,55.37,Urea
21.11,71.49,32.97,Loamy,Tobacco,40.38,56.94,50.97,20-20
24.01,64.54,7.06,Sandy,Rice,23.09,14.11,14.81,Urea
24.16,61.94,31.93,Loamy,Rice,37.85,26.71,36.26,Urea
28.9,65.97,47.76,Sandy,Wheat,14.0,13.15,8.64,Urea
32.73,95.5,28.45,Black,Maize,65.14,51.27,33.16,17-17-17
23.85,77.22,47.73,Black,Wheat,70.43,48.99,40.54,17-17-17
28.91,68.93,36.64,Loamy,Millets,45.76,35.44,27.04,DAP
26.55,53.93,48.44,Clayey,Cotton,45.74,51.94,50.01,17-17-17
26.12,66.06,46.97,Loamy,Barley,47.15,24.6,55.84,DAP
34.9,58.62,38.73,Loamy,Millets,61.17,56.72,42.96,DAP
31.69,90.88,32.17,Red,Watermelon,41.96,10.75,32.71,20-20
34.8,41.18,34.22,Black,Millets,79.99,51.38,70.99,20-20
20.89,76.99,36.81,Sandy,Millets,19.7,10.88,9.22,Urea
17.61,59.63,56.4,Clayey,Ground Nuts,62.34,55.46,31.36,14-35-14
25.62,54.97,37.44,Black,Watermelon,72.45,46.49,46.27,DAP
38.16,33.54,67.5,Black,Watermelon,48.17,28.25,59.15,DAP
21.98,50.1,11.83,Clayey,Rice,44.17,47.9,37.33,Urea
25.18,83.84,65.78,Clayey,Cotton,68.74,32.16,44.88,17-17-17
25.81,43.19,63.06,Black,Barley,63.51,51.41,41.97,17-17-17
22.16,20.59,37.18,Black,Millets,57.99,63.68,47.16,20-20
37.37,55.28,59.37,Black,Maize,59.93,66.52,54.09,17-17-17
29.68,54.0,44.34,Red,Tobacco,44.77,16.32,5.87,10-26-26
19.97,65.26,40.87,Clayey,Paddy,54.16,32.12,52.82,Urea
42.76,52.08,34.53,Red,Pulses,24.33,19.06,21.87,10-26-26
23.62,67.99,32.92,Loamy,Oil seeds,52.43,32.99,3.99,10-26-26
32.64,50.93,52.47,Clayey,Barley,57.83,58.33,35.61,28-28
25.21,71.67,82.86,Black,Rice,82.09,69.49,29.94,Urea
24.67,33.05,44.58,Sandy,Paddy,22.72,6.39,5.69,Urea
34.08,62.26,69.0,Black,Cotton,90.63,48.71,55.38,DAP
26.29,57.22,56.7,Loamy,Pulses,57.48,43.57,33.83,20-20
25.17,53.03,56.46,Clayey,Watermelon,54.24,29.41,62.96,10-26-26
27.6,58.35,66.52,Red,Ground Nuts,52.66,13.03,24.34,DAP
35.93,52.72,21.86,Sandy,Barley,18.05,4.67,9.25,Urea
30.55,61.98,74.55,Black,Pulses,51.27,58.46,63.81,17-17-17
28.24,71.48,46.97,Red,Paddy,15.82,25.56,25.43,DAP
23.88,57.58,32.34,Black,Cotton,91.47,29.97,53.17,DAP
26.01,56.07,37.38,Red,Pulses,33.42,26.42,11.11,10-26-26
34.98,79.16,62.81,Red,Rice,11.88,22.87,34.0,DAP
14.54,66.57,55.87,Black,Maize,64.57,63.22,54.62,17-17-17
31.66,59.51,28.29,Black,Rice,88.42,46.72,29.4,Urea
30.39,70.45,24.15,Sandy,Watermelon,20.19,16.45,14.65,17-17-17
28.61,52.78,56.68,Sandy,Pulses,30.05,11.69,12.43,DAP
24.28,42.31,46.98,Red,Tobacco,43.34,37.02,11.06,10-26-26
26.29,77.61,58.84,Black,Paddy,63.35,66.37,54.56,Urea
29.03,39.86,35.29,Black,Sugarcane,56.28,54.37,46.77,Urea
24.03,41.21,40.16,Red,Barley,22.31,19.23,14.63,20-20
30.07,41.71,67.58,Sandy,Wheat,23.95,26.96,23.21,Urea
28.25,49.65,43.34,Red,Maize,30.72,26.32,38.52,DAP
26.82,75.63,46.57,Loamy,Wheat,48.93,42.65,38.9,DAP
36.49,85.25,72.26,Red,Maize,19.36,32.76,9.46,DAP
30.11,40.38,15.14,Clayey,Tobacco,56.25,37.34,32.09,14-35-14
30.26,64.1,46.15,Sandy,Maize,18.73,6.77,12.48,DAP
31.64,69.56,48.88,Clayey,Tobacco,57.73,46.36,43.58,14-35-14
25.6,49.47,41.14,Loamy,Watermelon,69.84,29.06,46.59,14-35-14
26.91,79.09,25.13,Sandy,Barley,10.32,3.39,23.57,Urea
23.26,57.72,51.32,Red,Paddy,26.49,19.93,11.41,DAP
31.87,54.55,48.31,Clayey,Paddy,47.9,49.11,47.46,Urea
27.15,68.06,55.09,Clayey,Maize,58.12,58.57,30.71,28-28
37.33,48.69,43.1,Sandy,Ground Nuts,1.29,9.69,6.48,10-26-26
39.03,54.23,66.53,Sandy,Millets,26.2,7.12,20.15,Urea
25.42,57.02,49.5,Sandy,Pulses,15.24,19.29,7.73,DAP
33.86,45.77,32.0,Sandy,Oil seeds,32.24,16.0,26.46,20-20
29.06,51.68,32.64,Clayey,Millets,66.0,33.57,59.59,17-17-17
24.04,53.65,24.52,Clayey,Barley,49.45,35.15,46.26,28-28
26.56,99.97,73.12,Sandy,Barley,31.32,9.16,14.61,Urea
40.51,55.72,38.6,Loamy,Watermelon,59.0,34.74,43.01,14-35-14
29.21,66.03,47.7,Sandy,Rice,18.89,11.7,9.53,Urea
27.47,53.2,70.89,Black,Pulses,83.75,49.83,21.62,17-17-17
34.18,86.23,39.46,Red,Barley,20.95,33.2,16.68,20-20
31.2,55.12,63.7,Clayey,Millets,42.27,59.8,34.46,17-17-17
30.22,37.87,48.74,Red,Sugarcane,36.37,4.36,17.13,20-20
19.94,60.35,27.86,Sandy,Sugarcane,18.03,8.8,17.55,10-26-26
35.45,90.82,68.14,Red,Wheat,39.23,7.22,15.83,28-28
26.93,48.03,53.58,Loamy,Maize,44.54,36.87,54.02,20-20
26.43,96.07,37.74,Red,Rice,32.47,12.19,44.02,DAP
24.44,76.85,51.35,Black,Millets,58.1,45.87,59.92,20-20
28.67,60.36,50.41,Sandy,Tobacco,19.18,12.26,22.32,10-26-26
34.28,77.16,14.77,Loamy,Sugarcane,63.71,23.44,35.41,17-17-17
33.08,69.65,38.53,Loamy,Sugarcane,33.33,35.9,50.01,17-17-17
21.41,48.78,51.27,Red,Cotton,25.83,25.1,4.63,28-28
31.0,57.04,64.89,Sandy,Sugarcane,7.86,9.57,13.87,10-26-26
35.56,93.12,46.88,Clayey,Rice,54.25,42.45,35.67,Urea
33.56,55.87,51.88,Loamy,Maize,39.23,36.58,42.05,20-20
26.97,50.68,43.58,Black,Ground Nuts,85.39,40.97,79.73,17-17-17
28.86,78.04,49.76,Black,Watermelon,67.34,42.44,38.51,DAP
22.03,49.68,42.19,Clayey,Sugarcane,61.74,35.83,48.73,14-35-14
22.28,50.99,40.38,Loamy,Watermelon,49.77,45.05,45.45,14-35-14
28.91,47.62,45.35,Black,Cotton,65.43,49.83,65.34,DAP
26.92,50.42,44.57,Loamy,Watermelon,55.01,43.58,34.1,14-35-14
35.3,53.53,28.03,Red,Oil seeds,58.62,17.26,28.63,DAP
29.8,61.07,40.1,Red,Watermelon,31.84,20.32,33.92,20-20
31.16,58.1,63.5,Sandy,Sugarcane,18.52,12.57,15.73,10-26-26
32.06,43.34,46.26,Loamy,Tobacco,68.93,42.62,40.86,20-20
28.22,59.0,38.02,Red,Maize,29.5,3.28,24.41,DAP
26.22,54.33,21.19,Loamy,Sugarcane,62.38,42.14,34.03,17-17-17
24.4,66.79,35.88,Loamy,Paddy,42.79,40.36,50.42,Urea
25.09,65.84,57.39,Red,Pulses,29.88,27.66,32.7,10-26-26
27.61,79.58,34.3,Sandy,Millets,23.45,11.38,7.96,Urea
32.88,49.57,44.38,Red,Watermelon,35.19,26.02,15.0,20-20
24.64,65.25,49.73,Sandy,Watermelon,6.9,12.16,10.65,17-17-17
35.14,80.87,43.68,Red,Oil seeds,27.12,21.2,29.39,DAP
33.53,34.27,64.53,Red,Ground Nuts,36.2,16.88,20.94,DAP
26.79,41.52,49.7,Red,Oil seeds,15.41,0.0,17.2,DAP
38.29,68.73,42.68,Sandy,Wheat,33.13,9.0,17.9,Urea
41.17,69.58,49.7,Black,Paddy,59.38,59.22,66.48,Urea
34.83,52.21,77.46,Black,Wheat,74.14,41.98,62.87,17-17-17
29.35,49.64,44.65,Red,Wheat,39.6,14.76,26.07,28-28
21.18,53.48,56.89,Red,Maize,27.53,20.74,5.5,DAP
23.72,54.96,39.51,Clayey,Oil seeds,54.54,53.07,35.98,14-35-14
22.79,63.07,55.67,Red,Wheat,25.63,34.6,18.82,28-28
31.45,84.9,42.43,Clayey,Tobacco,45.58,57.33,48.7,14-35-14
28.28,77.09,45.87,Loamy,Sugarcane,61.76,29.44,39.83,17-17-17
24.14,74.25,64.07,Sandy,Tobacco,23.7,10.98,7.6,10-26-26
